43
# x y z
390	989.2093	0
420	980.4871	0
400	987.414	0
410	982.292	0
380	994.4391	0
370	995.7553	0
360	994.451	0
350	996.5297	0
340	998	0
330	1000.4421	0
320	1003.1944	0
310	1007.9966	0
300	1012.1914	0
290	1016.0897	0
280	1021.3199	0
270	1023	0
260	1022.7144	0
250	1023.9769	0
240	1023	0
230	1019.8127	0
220	1018.0792	0
210	1017.6209	0
200	1014	0
190	1008.9312	0
180	1006.0978	0
170	1004	0
160	1002.5736	0
150	1000.07	0
140	999.0836	0
130	997.9098	0
120	995.0459	0
110	994.3781	0
100	993.4465	0
90	991.2596	0
80	991.5651	0
70	991.5154	0
60	990.3394	0
50	989.6807	0
40	991	0
30	991.2821	0
20	988.0058	0
10	985.4299	0
0	979.5214	0
287
# a b m n rhoa k err ip iperr response residual
1	2	3	4	7.68200000000000e+01	1.22794825845005e+02	3.00000000000000e-02	0.00000000000000e+00	0.00000000000000e+00	7.81387171250905e+01	-5.67354964258045e-01
5	4	1	3	8.61800000000000e+01	1.51056983745086e+02	3.00000000000000e-02	0.00000000000000e+00	0.00000000000000e+00	9.26857890692555e+01	-2.42590094695521e+00
6	3	5	1	5.87200000000000e+01	1.22148945063096e+02	3.00000000000000e-02	0.00000000000000e+00	0.00000000000000e+00	6.17304411715018e+01	-1.66655996221727e+00
7	1	6	5	6.92800000000000e+01	1.39233352640493e+02	3.00000000000000e-02	0.00000000000000e+00	0.00000000000000e+00	6.30938596411416e+01	3.11776036643113e+00
8	5	7	6	5.38600000000000e+01	1.29430818532193e+02	3.00000000000000e-02	0.00000000000000e+00	0.00000000000000e+00	5.13970514198904e+01	1.56024273131902e+00
9	6	8	7	3.84400000000000e+01	1.27057527055971e+02	3.00000000000000e-02	0.00000000000000e+00	0.00000000000000e+00	3.88732869174690e+01	-3.73623966489604e-01
10	7	9	8	2.95600000000000e+01	1.29883024260908e+02	3.00000000000000e-02	0.00000000000000e+00	0.00000000000000e+00	3.15227029525832e+01	-2.14286396016175e+00
11	8	10	9	2.96900000000000e+01	1.28376455637631e+02	3.00000000000000e-02	0.00000000000000e+00	0.00000000000000e+00	3.09305438813227e+01	-1.36446273439705e+00
12	9	11	10	3.05800000000000e+01	1.36411694311053e+02	3.00000000000000e-02	0.00000000000000e+00	0.00000000000000e+00	3.88593545850121e+01	-7.98675448623801e+00
13	10	12	11	3.84500000000000e+01	1.30549949962852e+02	3.00000000000000e-02	0.00000000000000e+00	0.00000000000000e+00	3.94525847874646e+01	-8.58028992954774e-01
14	11	13	12	6.16700000000000e+01	1.37536194784139e+02	3.00000000000000e-02	0.00000000000000e+00	0.00000000000000e+00	6.04529994419097e+01	6.64379820475336e-01
15	12	14	13	8.48800000000000e+01	1.41207651731264e+02	3.00000000000000e-02	0.00000000000000e+00	0.00000000000000e+00	8.39672324602794e+01	3.60395377526501e-01
16	13	15	14	7.55900000000000e+01	1.26876647254927e+02	3.00000000000000e-02	0.00000000000000e+00	0.00000000000000e+00	7.99091787969343e+01	-1.85222418099954e+00
17	14	16	15	1.12440000000000e+02	1.37437057189505e+02	3.00000000000000e-02	0.00000000000000e+00	0.00000000000000e+00	9.84990229000441e+01	4.41243725686655e+00
18	15	17	16	1.02750000000000e+02	1.28213949831156e+02	3.00000000000000e-02	0.00000000000000e+00	0.00000000000000e+00	1.09356487439164e+02	-2.07714064255550e+00
19	16	18	17	1.22200000000000e+02	1.26231578650453e+02	3.00000000000000e-02	0.00000000000000e+00	0.00000000000000e+00	1.19102094383532e+02	8.55932848220823e-01
20	17	19	18	1.07070000000000e+02	1.31523290377230e+02	3.00000000000000e-02	0.00000000000000e+00	0.00000000000000e+00	1.05252632884696e+02	5.70644612967393e-01
21	18	20	19	9.19400000000000e+01	1.24970700779354e+02	3.00000000000000e-02	0.00000000000000e+00	0.00000000000000e+00	8.95568021406620e+01	8.75436853991326e-01
22	19	21	20	7.85400000000000e+01	1.29659549247822e+02	3.00000000000000e-02	0.00000000000000e+00	0.00000000000000e+00	7.85770047021585e+01	-1.57015479908651e-02
23	20	22	21	6.51500000000000e+01	1.33880322827176e+02	3.00000000000000e-02	0.00000000000000e+00	0.00000000000000e+00	6.31027870787550e+01	1.06424552545657e+00
24	21	23	22	3.48400000000000e+01	1.33342596649193e+02	3.00000000000000e-02	0.00000000000000e+00	0.00000000000000e+00	4.16248440677551e+01	-5.93103500630970e+00
25	22	24	23	4.54900000000000e+01	1.28387862454627e+02	3.00000000000000e-02	0.00000000000000e+00	0.00000000000000e+00	4.55345404816447e+01	-3.26215948387295e-02
26	23	25	24	5.61400000000000e+01	1.36564815493406e+02	3.00000000000000e-02	0.00000000000000e+00	0.00000000000000e+00	5.10636168148456e+01	3.15921090085761e+00
27	24	26	25	3.89800000000000e+01	1.28987766498500e+02	3.00000000000000e-02	0.00000000000000e+00	0.00000000000000e+00	3.73774572922190e+01	1.39936391935989e+00
28	25	27	26	3.52400000000000e+01	1.30123568750067e+02	3.00000000000000e-02	0.00000000000000e+00	0.00000000000000e+00	3.93626783528960e+01	-3.68787721282276e+00
29	26	28	27	4.86300000000000e+01	1.25415948591769e+02	3.00000000000000e-02	0.00000000000000e+00	0.00000000000000e+00	4.27914725280261e+01	4.26339272260862e+00
30	27	29	28	4.05300000000000e+01	1.29074329721137e+02	3.00000000000000e-02	0.00000000000000e+00	0.00000000000000e+00	4.39335451892977e+01	-2.68785716543731e+00
31	28	30	29	4.97200000000000e+01	1.29643468904902e+02	3.00000000000000e-02	0.00000000000000e+00	0.00000000000000e+00	4.16327633689117e+01	5.91732761236650e+00
32	29	31	30	4.01200000000000e+01	1.24608841898874e+02	3.00000000000000e-02	0.00000000000000e+00	0.00000000000000e+00	4.53227131244622e+01	-4.06444457385108e+00
33	30	32	31	3.05300000000000e+01	1.30052962031104e+02	3.00000000000000e-02	0.00000000000000e+00	0.00000000000000e+00	3.47973646810679e+01	-4.36106165368816e+00
34	31	33	32	3.76300000000000e+01	1.27934416607326e+02	3.00000000000000e-02	0.00000000000000e+00	0.00000000000000e+00	3.72021604979019e+01	3.81158903737126e-01
35	32	34	33	3.15300000000000e+01	1.25239150617763e+02	3.00000000000000e-02	0.00000000000000e+00	0.00000000000000e+00	3.13034397034222e+01	2.40382912360459e-01
36	33	35	34	3.18800000000000e+01	1.28341042537214e+02	3.00000000000000e-02	0.00000000000000e+00	0.00000000000000e+00	3.53299675646381e+01	-3.42508964600226e+00
37	34	36	35	2.92400000000000e+01	1.26464567796497e+02	3.00000000000000e-02	0.00000000000000e+00	0.00000000000000e+00	3.13677489140973e+01	-2.34142085175374e+00
38	35	37	36	3.70600000000000e+01	1.25556654708300e+02	3.00000000000000e-02	0.00000000000000e+00	0.00000000000000e+00	3.82827716855471e+01	-1.08205828949792e+00
39	36	38	37	4.52900000000000e+01	1.27328036536700e+02	3.00000000000000e-02	0.00000000000000e+00	0.00000000000000e+00	4.27915478219929e+01	1.89152184256101e+00
40	37	39	38	5.35300000000000e+01	1.25750727217077e+02	3.00000000000000e-02	0.00000000000000e+00	0.00000000000000e+00	5.56834545077020e+01	-1.31469372868425e+00
41	38	40	39	4.50600000000000e+01	1.32443172304244e+02	3.00000000000000e-02	0.00000000000000e+00	0.00000000000000e+00	4.96933169559787e+01	-3.26251737901167e+00
42	39	41	40	8.09300000000000e+01	1.26470098716429e+02	3.00000000000000e-02	0.00000000000000e+00	0.00000000000000e+00	8.05480791123715e+01	1.57677377173382e-01
43	40	42	41	1.16810000000000e+02	1.44263074671729e+02	3.00000000000000e-02	0.00000000000000e+00	0.00000000000000e+00	1.12161659240097e+02	1.35358221602049e+00
7	2	5	3	8.40700000000000e+01	2.56354417626246e+02	3.00000000000000e-02	0.00000000000000e+00	0.00000000000000e+00	8.32884974402193e+01	3.11311048696676e-01
8	4	6	1	6.73300000000000e+01	2.56819225980159e+02	3.00000000000000e-02	0.00000000000000e+00	0.00000000000000e+00	5.74561552858614e+01	5.28612541284306e+00
9	3	7	5	5.05900000000000e+01	2.68042098811709e+02	3.00000000000000e-02	0.00000000000000e+00	0.00000000000000e+00	5.21065148501766e+01	-9.84535258231478e-01
10	1	8	6	6.31300000000000e+01	2.66418147239791e+02	3.00000000000000e-02	0.00000000000000e+00	0.00000000000000e+00	5.74175813279290e+01	3.16151803470230e+00
11	5	9	7	4.37500000000000e+01	2.56092212952135e+02	3.00000000000000e-02	0.00000000000000e+00	0.00000000000000e+00	4.55241451479893e+01	-1.32504116649503e+00
12	6	10	8	4.10100000000000e+01	2.62482935127953e+02	3.00000000000000e-02	0.00000000000000e+00	0.00000000000000e+00	4.24193568669601e+01	-1.12629495123396e+00
13	7	11	9	5.34400000000000e+01	2.68252672995327e+02	3.00000000000000e-02	0.00000000000000e+00	0.00000000000000e+00	5.13228096645191e+01	1.34747476783081e+00
14	8	12	10	4.56700000000000e+01	2.61226872877831e+02	3.00000000000000e-02	0.00000000000000e+00	0.00000000000000e+00	4.70647010754909e+01	-1.00272154899659e+00
15	9	13	11	5.81700000000000e+01	2.64286062137939e+02	3.00000000000000e-02	0.00000000000000e+00	0.00000000000000e+00	5.20735843862914e+01	3.69039850925986e+00
16	10	14	12	7.06800000000000e+01	2.65428626785872e+02	3.00000000000000e-02	0.00000000000000e+00	0.00000000000000e+00	7.22917408392005e+01	-7.51574686625034e-01
17	11	15	13	7.23300000000000e+01	2.58944835042227e+02	3.00000000000000e-02	0.00000000000000e+00	0.00000000000000e+00	6.86769576848479e+01	1.72750809240571e+00
18	12	16	14	5.14300000000000e+01	2.59880660203962e+02	3.00000000000000e-02	0.00000000000000e+00	0.00000000000000e+00	4.95985183135463e+01	1.20868997376341e+00
19	13	17	15	7.73300000000000e+01	2.71260870656006e+02	3.00000000000000e-02	0.00000000000000e+00	0.00000000000000e+00	7.54771873356309e+01	8.08384083959535e-01
20	14	18	16	1.03230000000000e+02	2.68740401139809e+02	3.00000000000000e-02	0.00000000000000e+00	0.00000000000000e+00	9.73437906096983e+01	1.95701876258256e+00
21	15	19	17	7.81400000000000e+01	2.58464798954982e+02	3.00000000000000e-02	0.00000000000000e+00	0.00000000000000e+00	7.03928859258846e+01	3.48032945860612e+00
22	16	20	18	5.30400000000000e+01	2.51167735091783e+02	3.00000000000000e-02	0.00000000000000e+00	0.00000000000000e+00	5.30051198790915e+01	2.19278499605421e-02
23	17	21	19	6.44600000000000e+01	2.52527620164609e+02	3.00000000000000e-02	0.00000000000000e+00	0.00000000000000e+00	6.27941102785596e+01	8.72786422817236e-01
24	18	22	20	7.58700000000000e+01	2.73209795682521e+02	3.00000000000000e-02	0.00000000000000e+00	0.00000000000000e+00	7.28336098559877e+01	1.36146089466462e+00
25	19	23	21	4.31800000000000e+01	2.69000446748655e+02	3.00000000000000e-02	0.00000000000000e+00	0.00000000000000e+00	4.89148934422783e+01	-4.15681647980244e+00
26	20	24	22	4.25900000000000e+01	2.49036731303800e+02	3.00000000000000e-02	0.00000000000000e+00	0.00000000000000e+00	4.17776380406614e+01	6.41942088614804e-01
27	21	25	23	4.20100000000000e+01	2.50098158096370e+02	3.00000000000000e-02	0.00000000000000e+00	0.00000000000000e+00	4.77651071166067e+01	-4.27959037044715e+00
28	22	26	24	4.63200000000000e+01	2.68244858874346e+02	3.00000000000000e-02	0.00000000000000e+00	0.00000000000000e+00	5.39403565026970e+01	-5.07683645568015e+00
29	23	27	25	4.41600000000000e+01	2.66830403086688e+02	3.00000000000000e-02	0.00000000000000e+00	0.00000000000000e+00	4.34852493152263e+01	5.13253919400469e-01
30	24	28	26	4.28200000000000e+01	2.55758296803953e+02	3.00000000000000e-02	0.00000000000000e+00	0.00000000000000e+00	4.35975289211782e+01	-5.99839648917788e-01
31	25	29	27	5.50800000000000e+01	2.56144334099348e+02	3.00000000000000e-02	0.00000000000000e+00	0.00000000000000e+00	5.31920531098038e+01	1.16258887686908e+00
32	26	30	28	5.47500000000000e+01	2.57326719256680e+02	3.00000000000000e-02	0.00000000000000e+00	0.00000000000000e+00	5.32357607391286e+01	9.34900127530547e-01
33	27	31	29	4.74300000000000e+01	2.52475446881841e+02	3.00000000000000e-02	0.00000000000000e+00	0.00000000000000e+00	5.10174782546149e+01	-2.43044483325600e+00
34	28	32	30	6.02300000000000e+01	2.52834732741253e+02	3.00000000000000e-02	0.00000000000000e+00	0.00000000000000e+00	5.06540399574768e+01	5.77171924337883e+00
35	29	33	31	4.96000000000000e+01	2.55776326458431e+02	3.00000000000000e-02	0.00000000000000e+00	0.00000000000000e+00	4.87687156286131e+01	5.63393321040540e-01
36	30	34	32	4.91400000000000e+01	2.53167592379199e+02	3.00000000000000e-02	0.00000000000000e+00	0.00000000000000e+00	4.89849776021569e+01	1.05323184511367e-01
37	31	35	33	5.25000000000000e+01	2.51747274648917e+02	3.00000000000000e-02	0.00000000000000e+00	0.00000000000000e+00	5.11873436081850e+01	8.44028775417020e-01
38	32	36	34	4.62700000000000e+01	2.55013015400977e+02	3.00000000000000e-02	0.00000000000000e+00	0.00000000000000e+00	4.70106944082848e+01	-5.29377116983939e-01
39	33	37	35	4.83300000000000e+01	2.52181257616441e+02	3.00000000000000e-02	0.00000000000000e+00	0.00000000000000e+00	4.67708022231778e+01	1.09311205834016e+00
40	34	38	36	5.74400000000000e+01	2.52051152355665e+02	3.00000000000000e-02	0.00000000000000e+00	0.00000000000000e+00	6.13008747002254e+01	-2.16843957573654e+00
41	35	39	37	7.27000000000000e+01	2.54378060686481e+02	3.00000000000000e-02	0.00000000000000e+00	0.00000000000000e+00	7.47211659602040e+01	-9.14067121727295e-01
42	36	40	38	8.08900000000000e+01	2.62240230663211e+02	3.00000000000000e-02	0.00000000000000e+00	0.00000000000000e+00	7.47705725361362e+01	2.62219382499422e+00
43	37	41	39	8.55800000000000e+01	2.67286189949269e+02	3.00000000000000e-02	0.00000000000000e+00	0.00000000000000e+00	8.53632692469590e+01	8.45235069793541e-02
10	2	7	1	6.27400000000000e+01	3.91703642169772e+02	3.00000000000000e-02	0.00000000000000e+00	0.00000000000000e+00	6.89330442121539e+01	-3.13788189934785e+00
11	4	8	5	5.24900000000000e+01	4.08945497167709e+02	3.00000000000000e-02	0.00000000000000e+00	0.00000000000000e+00	5.87892908390556e+01	-3.77790114884857e+00
12	3	9	6	6.31500000000000e+01	4.05421156225640e+02	3.00000000000000e-02	0.00000000000000e+00	0.00000000000000e+00	5.54406897496375e+01	4.33996842069056e+00
13	1	10	7	5.32000000000000e+01	3.98813564228390e+02	3.00000000000000e-02	0.00000000000000e+00	0.00000000000000e+00	5.76415019908575e+01	-2.67281441928180e+00
14	5	11	8	5.95100000000000e+01	3.98436623816644e+02	3.00000000000000e-02	0.00000000000000e+00	0.00000000000000e+00	5.84690507514086e+01	5.88226613271736e-01
15	6	12	9	5.27100000000000e+01	3.94670850734579e+02	3.00000000000000e-02	0.00000000000000e+00	0.00000000000000e+00	5.65764073708065e+01	-2.35956255131309e+00
16	7	13	10	6.50700000000000e+01	3.87072782424081e+02	3.00000000000000e-02	0.00000000000000e+00	0.00000000000000e+00	6.45660829620956e+01	2.59145738072301e-01
17	8	14	11	6.08800000000000e+01	3.76298416183341e+02	3.00000000000000e-02	0.00000000000000e+00	0.00000000000000e+00	6.42313107011033e+01	-1.78620279591373e+00
18	9	15	12	6.07800000000000e+01	3.78644216360592e+02	3.00000000000000e-02	0.00000000000000e+00	0.00000000000000e+00	5.43382126670863e+01	3.73443585644663e+00
19	10	16	13	4.80500000000000e+01	3.88229682752900e+02	3.00000000000000e-02	0.00000000000000e+00	0.00000000000000e+00	5.13159402769788e+01	-2.19197650472186e+00
20	11	17	14	5.02000000000000e+01	4.01235327912901e+02	3.00000000000000e-02	0.00000000000000e+00	0.00000000000000e+00	5.40694573753192e+01	-2.47514803499265e+00
21	12	18	15	5.12400000000000e+01	4.13039391647375e+02	3.00000000000000e-02	0.00000000000000e+00	0.00000000000000e+00	5.06306260405184e+01	3.98794203731197e-01
22	13	19	16	5.73100000000000e+01	4.03185424728193e+02	3.00000000000000e-02	0.00000000000000e+00	0.00000000000000e+00	5.51657690953525e+01	1.27108309072922e+00
23	14	20	17	4.88000000000000e+01	3.90916250857206e+02	3.00000000000000e-02	0.00000000000000e+00	0.00000000000000e+00	5.69349031217882e+01	-5.13927506146317e+00
24	15	21	18	5.26800000000000e+01	3.89303921240956e+02	3.00000000000000e-02	0.00000000000000e+00	0.00000000000000e+00	4.95598248591198e+01	2.03517846788164e+00
25	16	22	19	4.46500000000000e+01	3.95067560467496e+02	3.00000000000000e-02	0.00000000000000e+00	0.00000000000000e+00	4.94950411677667e+01	-3.43393929349955e+00
26	17	23	20	5.80000000000000e+01	3.90361341336516e+02	3.00000000000000e-02	0.00000000000000e+00	0.00000000000000e+00	5.58584186530894e+01	1.25409198468545e+00
27	18	24	21	4.98600000000000e+01	3.80636235292701e+02	3.00000000000000e-02	0.00000000000000e+00	0.00000000000000e+00	4.96870415726888e+01	1.15830397782002e-01
28	19	25	22	6.22500000000000e+01	3.75653443935052e+02	3.00000000000000e-02	0.00000000000000e+00	0.00000000000000e+00	5.60593807361634e+01	3.49156787055011e+00
29	20	26	23	5.01100000000000e+01	3.77040816258234e+02	3.00000000000000e-02	0.00000000000000e+00	0.00000000000000e+00	5.53823875903847e+01	-3.33470135684745e+00
30	21	27	24	5.70800000000000e+01	3.89135634019527e+02	3.00000000000000e-02	0.00000000000000e+00	0.00000000000000e+00	5.36733167305841e+01	2.05126032448436e+00
31	22	28	25	3.96600000000000e+01	3.97601295827321e+02	3.00000000000000e-02	0.00000000000000e+00	0.00000000000000e+00	4.92979583075091e+01	-7.25131811528790e+00
32	23	29	26	5.49800000000000e+01	3.93644889400686e+02	3.00000000000000e-02	0.00000000000000e+00	0.00000000000000e+00	5.25020247320260e+01	1.53725825196265e+00
33	24	30	27	4.79300000000000e+01	3.84170414871651e+02	3.00000000000000e-02	0.00000000000000e+00	0.00000000000000e+00	5.24961216031848e+01	-3.03325598240504e+00
34	25	31	28	6.55300000000000e+01	3.82296270544133e+02	3.00000000000000e-02	0.00000000000000e+00	0.00000000000000e+00	6.38272990765595e+01	8.77568966830111e-01
35	26	32	29	5.73400000000000e+01	3.79775899879674e+02	3.00000000000000e-02	0.00000000000000e+00	0.00000000000000e+00	6.10597544153267e+01	-2.09515016070855e+00
36	27	33	30	6.76500000000000e+01	3.79046277595688e+02	3.00000000000000e-02	0.00000000000000e+00	0.00000000000000e+00	6.11695571564655e+01	3.35659069809321e+00
37	28	34	31	6.39300000000000e+01	3.79785697291768e+02	3.00000000000000e-02	0.00000000000000e+00	0.00000000000000e+00	6.03705773062587e+01	1.90956264052161e+00
38	29	35	32	6.75500000000000e+01	3.80272772703458e+02	3.00000000000000e-02	0.00000000000000e+00	0.00000000000000e+00	6.32596674259180e+01	2.18733679331968e+00
39	30	36	33	5.95200000000000e+01	3.79952211676252e+02	3.00000000000000e-02	0.00000000000000e+00	0.00000000000000e+00	5.81753727629407e+01	7.61675791435845e-01
40	31	37	34	6.84000000000000e+01	3.79580727988900e+02	3.00000000000000e-02	0.00000000000000e+00	0.00000000000000e+00	6.53031036285655e+01	1.54444202357814e+00
41	32	38	35	7.26900000000000e+01	3.78318605974012e+02	3.00000000000000e-02	0.00000000000000e+00	0.00000000000000e+00	7.13443577524213e+01	6.22852038432124e-01
42	33	39	36	8.73000000000000e+01	3.83078666120171e+02	3.00000000000000e-02	0.00000000000000e+00	0.00000000000000e+00	8.94662592896029e+01	-8.17036672619764e-01
43	34	40	37	9.42000000000000e+01	4.01699714589643e+02	3.00000000000000e-02	0.00000000000000e+00	0.00000000000000e+00	9.17166126000652e+01	8.90555208025331e-01
13	2	9	5	6.57300000000000e+01	5.52294989506658e+02	3.00000000000000e-02	0.00000000000000e+00	0.00000000000000e+00	6.83683520466038e+01	-1.31181953007079e+00
14	4	10	6	6.07800000000000e+01	5.54279944242283e+02	3.00000000000000e-02	0.00000000000000e+00	0.00000000000000e+00	6.37791723168662e+01	-1.60552989503711e+00
15	3	11	7	7.29700000000000e+01	5.39779451236231e+02	3.00000000000000e-02	0.00000000000000e+00	0.00000000000000e+00	6.78052266790447e+01	2.44697053803359e+00
16	1	12	8	8.30600000000000e+01	5.24393176851146e+02	3.00000000000000e-02	0.00000000000000e+00	0.00000000000000e+00	6.85945826310991e+01	6.37832256604115e+00
17	5	13	9	6.42600000000000e+01	5.03998920322666e+02	3.00000000000000e-02	0.00000000000000e+00	0.00000000000000e+00	6.98184453479656e+01	-2.76536270565328e+00
18	6	14	10	7.20300000000000e+01	4.97639943884359e+02	3.00000000000000e-02	0.00000000000000e+00	0.00000000000000e+00	7.09790209003765e+01	4.89944859974697e-01
19	7	15	11	5.52900000000000e+01	4.94372842962735e+02	3.00000000000000e-02	0.00000000000000e+00	0.00000000000000e+00	5.89077512361229e+01	-2.11268738611207e+00
20	8	16	12	4.53000000000000e+01	5.08336306467281e+02	3.00000000000000e-02	0.00000000000000e+00	0.00000000000000e+00	5.29625678040681e+01	-5.20927878969103e+00
21	9	17	13	5.06800000000000e+01	5.23900425986462e+02	3.00000000000000e-02	0.00000000000000e+00	0.00000000000000e+00	4.85112692607303e+01	1.45784095362013e+00
22	10	18	14	4.52800000000000e+01	5.35120443621861e+02	3.00000000000000e-02	0.00000000000000e+00	0.00000000000000e+00	4.36328557356230e+01	1.23516651382451e+00
23	11	19	15	4.58400000000000e+01	5.56517814085809e+02	3.00000000000000e-02	0.00000000000000e+00	0.00000000000000e+00	4.51256692657223e+01	5.23527483002543e-01
24	12	20	16	4.57700000000000e+01	5.49841326444597e+02	3.00000000000000e-02	0.00000000000000e+00	0.00000000000000e+00	4.67123639224736e+01	-6.79334235196016e-01
25	13	21	17	4.78800000000000e+01	5.36529332323824e+02	3.00000000000000e-02	0.00000000000000e+00	0.00000000000000e+00	4.91742163534385e+01	-8.89051586174568e-01
26	14	22	18	4.71100000000000e+01	5.33183854246626e+02	3.00000000000000e-02	0.00000000000000e+00	0.00000000000000e+00	5.17948028663964e+01	-3.16015069184905e+00
27	15	23	19	5.69500000000000e+01	5.13802452883059e+02	3.00000000000000e-02	0.00000000000000e+00	0.00000000000000e+00	5.15827131169011e+01	3.29956968835880e+00
28	16	24	20	4.77900000000000e+01	5.05020201221914e+02	3.00000000000000e-02	0.00000000000000e+00	0.00000000000000e+00	5.18124350412036e+01	-2.69379221921276e+00
29	17	25	21	6.03700000000000e+01	5.01489300767359e+02	3.00000000000000e-02	0.00000000000000e+00	0.00000000000000e+00	5.83183014995542e+01	1.15254431131362e+00
30	18	26	22	6.71800000000000e+01	4.99826834324650e+02	3.00000000000000e-02	0.00000000000000e+00	0.00000000000000e+00	6.03388229868362e+01	3.57999523311878e+00
31	19	27	23	6.37600000000000e+01	5.09070971104262e+02	3.00000000000000e-02	0.00000000000000e+00	0.00000000000000e+00	5.69583450035148e+01	3.76019410720592e+00
32	20	28	24	4.96400000000000e+01	5.14160610502851e+02	3.00000000000000e-02	0.00000000000000e+00	0.00000000000000e+00	5.72187355885895e+01	-4.73614765577233e+00
33	21	29	25	5.96100000000000e+01	5.19350704497408e+02	3.00000000000000e-02	0.00000000000000e+00	0.00000000000000e+00	5.69820526483931e+01	1.50289975985333e+00
34	22	30	26	5.65400000000000e+01	5.26975575640278e+02	3.00000000000000e-02	0.00000000000000e+00	0.00000000000000e+00	5.92470107230624e+01	-1.55889915152061e+00
35	23	31	27	6.40200000000000e+01	5.15049396278788e+02	3.00000000000000e-02	0.00000000000000e+00	0.00000000000000e+00	6.33951798465143e+01	3.26923454876275e-01
36	24	32	28	7.00600000000000e+01	5.10458957602586e+02	3.00000000000000e-02	0.00000000000000e+00	0.00000000000000e+00	6.66348826604002e+01	1.67079378898801e+00
37	25	33	29	6.81800000000000e+01	5.07173574216007e+02	3.00000000000000e-02	0.00000000000000e+00	0.00000000000000e+00	7.12165519798703e+01	-1.45246654394079e+00
38	26	34	30	7.67900000000000e+01	5.04318634887652e+02	3.00000000000000e-02	0.00000000000000e+00	0.00000000000000e+00	7.25643414398479e+01	1.88669289710006e+00
39	27	35	31	7.28700000000000e+01	5.08770480677039e+02	3.00000000000000e-02	0.00000000000000e+00	0.00000000000000e+00	6.99615602322733e+01	1.35770266680408e+00
40	28	36	32	7.19600000000000e+01	5.06074421999772e+02	3.00000000000000e-02	0.00000000000000e+00	0.00000000000000e+00	7.01761243211899e+01	8.36742176188032e-01
41	29	37	33	8.13000000000000e+01	5.06374044492467e+02	3.00000000000000e-02	0.00000000000000e+00	0.00000000000000e+00	7.63506174355778e+01	2.09366326706106e+00
42	30	38	34	8.63800000000000e+01	5.10396538167678e+02	3.00000000000000e-02	0.00000000000000e+00	0.00000000000000e+00	8.68570708821796e+01	-1.83591223961284e-01
43	31	39	35	9.66200000000000e+01	5.21601783434247e+02	3.00000000000000e-02	0.00000000000000e+00	0.00000000000000e+00	9.57837823095748e+01	2.89745847884060e-01
16	2	11	6	8.70700000000000e+01	6.85811747974325e+02	3.00000000000000e-02	0.00000000000000e+00	0.00000000000000e+00	8.18124430766042e+01	2.07610149831193e+00
17	4	12	7	7.76900000000000e+01	6.50682948182005e+02	3.00000000000000e-02	0.00000000000000e+00	0.00000000000000e+00	7.47827968390412e+01	1.27128930720817e+00
18	3	13	8	7.94600000000000e+01	6.34875653140362e+02	3.00000000000000e-02	0.00000000000000e+00	0.00000000000000e+00	7.40063807850406e+01	2.37008113582429e+00
19	1	14	9	9.16200000000000e+01	6.23578848427381e+02	3.00000000000000e-02	0.00000000000000e+00	0.00000000000000e+00	7.95628487957759e+01	4.70341094096029e+00
20	5	15	10	6.91200000000000e+01	6.16764582746268e+02	3.00000000000000e-02	0.00000000000000e+00	0.00000000000000e+00	7.31354034026246e+01	-1.88228132302738e+00
21	6	16	11	4.66100000000000e+01	6.23710855320080e+02	3.00000000000000e-02	0.00000000000000e+00	0.00000000000000e+00	5.71197203421399e+01	-6.77781038879181e+00
22	7	17	12	5.45500000000000e+01	6.40320622649192e+02	3.00000000000000e-02	0.00000000000000e+00	0.00000000000000e+00	5.39673756500398e+01	3.57933430621493e-01
23	8	18	13	4.60300000000000e+01	6.59368360637500e+02	3.00000000000000e-02	0.00000000000000e+00	0.00000000000000e+00	5.08269202607974e+01	-3.30442609291763e+00
24	9	19	14	4.13000000000000e+01	6.83535214668630e+02	3.00000000000000e-02	0.00000000000000e+00	0.00000000000000e+00	4.35662980738233e+01	-1.78071238422571e+00
25	10	20	15	3.90700000000000e+01	6.96562762604602e+02	3.00000000000000e-02	0.00000000000000e+00	0.00000000000000e+00	4.34319806508741e+01	-3.52803806773866e+00
26	11	21	16	5.08500000000000e+01	6.93075004634829e+02	3.00000000000000e-02	0.00000000000000e+00	0.00000000000000e+00	4.92136979450292e+01	1.09027080764347e+00
27	12	22	17	5.06500000000000e+01	6.76289001442538e+02	3.00000000000000e-02	0.00000000000000e+00	0.00000000000000e+00	4.90724870410960e+01	1.05468994471879e+00
28	13	23	18	5.54200000000000e+01	6.61059294294310e+02	3.00000000000000e-02	0.00000000000000e+00	0.00000000000000e+00	5.17670771944190e+01	2.27287225434591e+00
29	14	24	19	5.55400000000000e+01	6.36739878028932e+02	3.00000000000000e-02	0.00000000000000e+00	0.00000000000000e+00	5.56354336526782e+01	-5.72270767520126e-02
30	15	25	20	7.31700000000000e+01	6.25988161641482e+02	3.00000000000000e-02	0.00000000000000e+00	0.00000000000000e+00	6.19871439088367e+01	5.52861645537416e+00
31	16	26	21	6.11400000000000e+01	6.27610377860881e+02	3.00000000000000e-02	0.00000000000000e+00	0.00000000000000e+00	5.90859167683477e+01	1.13912384664019e+00
32	17	27	22	6.66400000000000e+01	6.25467461285241e+02	3.00000000000000e-02	0.00000000000000e+00	0.00000000000000e+00	5.93919380293025e+01	3.83821680378868e+00
33	18	28	23	5.13000000000000e+01	6.30841934662358e+02	3.00000000000000e-02	0.00000000000000e+00	0.00000000000000e+00	6.09883322102387e+01	-5.76639394863852e+00
34	19	29	24	7.33200000000000e+01	6.46425111723455e+02	3.00000000000000e-02	0.00000000000000e+00	0.00000000000000e+00	6.74863952175322e+01	2.76357992467595e+00
35	20	30	25	6.55400000000000e+01	6.45588997222732e+02	3.00000000000000e-02	0.00000000000000e+00	0.00000000000000e+00	6.49923175303872e+01	2.79719073347806e-01
36	21	31	26	7.75600000000000e+01	6.43279636563008e+02	3.00000000000000e-02	0.00000000000000e+00	0.00000000000000e+00	7.06162891563205e+01	3.12636626314348e+00
37	22	32	27	7.27600000000000e+01	6.47042617386717e+02	3.00000000000000e-02	0.00000000000000e+00	0.00000000000000e+00	7.32863271385100e+01	-2.40256831478340e-01
38	23	33	28	7.51300000000000e+01	6.45453573682526e+02	3.00000000000000e-02	0.00000000000000e+00	0.00000000000000e+00	7.53366322635494e+01	-9.15518124455931e-02
39	24	34	29	6.91100000000000e+01	6.34382257096933e+02	3.00000000000000e-02	0.00000000000000e+00	0.00000000000000e+00	7.40343344912085e+01	-2.29431757021784e+00
40	25	35	30	8.21700000000000e+01	6.32633165872093e+02	3.00000000000000e-02	0.00000000000000e+00	0.00000000000000e+00	8.27667844375328e+01	-2.41218494273188e-01
41	26	36	31	7.86200000000000e+01	6.36581044316217e+02	3.00000000000000e-02	0.00000000000000e+00	0.00000000000000e+00	8.10410707191123e+01	-1.01099840297826e+00
42	27	37	32	8.92100000000000e+01	6.36088805483486e+02	3.00000000000000e-02	0.00000000000000e+00	0.00000000000000e+00	8.57623458861090e+01	1.31376966316295e+00
43	28	38	33	8.99400000000000e+01	6.41914580911268e+02	3.00000000000000e-02	0.00000000000000e+00	0.00000000000000e+00	9.06162733412471e+01	-2.49701101004914e-01
19	2	13	7	9.25400000000000e+01	7.62843085214108e+02	3.00000000000000e-02	0.00000000000000e+00	0.00000000000000e+00	8.44025421728233e+01	3.06811539331582e+00
20	4	14	8	9.21200000000000e+01	7.54713762223347e+02	3.00000000000000e-02	0.00000000000000e+00	0.00000000000000e+00	8.43822605258055e+01	2.92449595952415e+00
21	3	15	9	8.73800000000000e+01	7.47169644885185e+02	3.00000000000000e-02	0.00000000000000e+00	0.00000000000000e+00	7.78088742111786e+01	3.86703114775860e+00
22	1	16	10	8.03500000000000e+01	7.51891999468059e+02	3.00000000000000e-02	0.00000000000000e+00	0.00000000000000e+00	7.34544033964779e+01	2.99090801405022e+00
23	5	17	11	7.05900000000000e+01	7.58103377031321e+02	3.00000000000000e-02	0.00000000000000e+00	0.00000000000000e+00	6.28338800167750e+01	3.87980242310156e+00
24	6	18	12	6.06600000000000e+01	7.82821536351673e+02	3.00000000000000e-02	0.00000000000000e+00	0.00000000000000e+00	5.95487412251989e+01	6.16311493280867e-01
25	7	19	13	4.90500000000000e+01	8.05710401697022e+02	3.00000000000000e-02	0.00000000000000e+00	0.00000000000000e+00	5.34291025187048e+01	-2.85051341627014e+00
26	8	20	14	4.37800000000000e+01	8.11180475236524e+02	3.00000000000000e-02	0.00000000000000e+00	0.00000000000000e+00	4.60719784837958e+01	-1.70092770323174e+00
27	9	21	15	4.30700000000000e+01	8.25654582208458e+02	3.00000000000000e-02	0.00000000000000e+00	0.00000000000000e+00	4.69092267787308e+01	-2.84625633529303e+00
28	10	22	16	5.09500000000000e+01	8.28713386481915e+02	3.00000000000000e-02	0.00000000000000e+00	0.00000000000000e+00	5.09539429093402e+01	-2.57949413250043e-03
29	11	23	17	4.91500000000000e+01	8.08199475967697e+02	3.00000000000000e-02	0.00000000000000e+00	0.00000000000000e+00	5.29337505414214e+01	-2.47214317618587e+00
30	12	24	18	5.99800000000000e+01	7.84296064493666e+02	3.00000000000000e-02	0.00000000000000e+00	0.00000000000000e+00	5.22037266352508e+01	4.62857631668731e+00
31	13	25	19	6.75300000000000e+01	7.68288964937580e+02	3.00000000000000e-02	0.00000000000000e+00	0.00000000000000e+00	6.10644711323923e+01	3.35472445777789e+00
32	14	26	20	6.71700000000000e+01	7.54787379736357e+02	3.00000000000000e-02	0.00000000000000e+00	0.00000000000000e+00	6.54458501218913e+01	8.66787808392081e-01
33	15	27	21	7.64400000000000e+01	7.51381917947545e+02	3.00000000000000e-02	0.00000000000000e+00	0.00000000000000e+00	6.26094756343688e+01	6.65298282532770e+00
34	16	28	22	5.71600000000000e+01	7.49475676079162e+02	3.00000000000000e-02	0.00000000000000e+00	0.00000000000000e+00	6.38309912166551e+01	-3.67948250316310e+00
35	17	29	23	7.77400000000000e+01	7.54072738701646e+02	3.00000000000000e-02	0.00000000000000e+00	0.00000000000000e+00	7.00561863446475e+01	3.46907810897497e+00
36	18	30	24	7.48700000000000e+01	7.68584448248097e+02	3.00000000000000e-02	0.00000000000000e+00	0.00000000000000e+00	7.65617551151888e+01	-7.44813178046222e-01
37	19	31	25	8.09800000000000e+01	7.71847104824981e+02	3.00000000000000e-02	0.00000000000000e+00	0.00000000000000e+00	7.88689057337035e+01	8.80505253120104e-01
38	20	32	26	8.16100000000000e+01	7.70623926525202e+02	3.00000000000000e-02	0.00000000000000e+00	0.00000000000000e+00	7.87101647061574e+01	1.20598329197762e+00
39	21	33	27	7.55600000000000e+01	7.69394565968194e+02	3.00000000000000e-02	0.00000000000000e+00	0.00000000000000e+00	8.00651364116527e+01	-1.93044886336775e+00
40	22	34	28	8.88500000000000e+01	7.75028053121956e+02	3.00000000000000e-02	0.00000000000000e+00	0.00000000000000e+00	8.55205967137539e+01	1.27307701440464e+00
41	23	35	29	8.29900000000000e+01	7.69823888507786e+02	3.00000000000000e-02	0.00000000000000e+00	0.00000000000000e+00	8.74895900962369e+01	-1.75998991156533e+00
42	24	36	30	8.71800000000000e+01	7.64385233688151e+02	3.00000000000000e-02	0.00000000000000e+00	0.00000000000000e+00	8.78681513587242e+01	-2.62082136985509e-01
43	25	37	31	9.04600000000000e+01	7.72475112241418e+02	3.00000000000000e-02	0.00000000000000e+00	0.00000000000000e+00	9.03761930981286e+01	3.08960672954643e-02
22	2	15	8	7.33100000000000e+01	8.80475971250092e+02	3.00000000000000e-02	0.00000000000000e+00	0.00000000000000e+00	8.65725275813925e+01	-5.54285021774978e+00
23	4	16	9	5.61500000000000e+01	8.87787768499947e+02	3.00000000000000e-02	0.00000000000000e+00	0.00000000000000e+00	8.07484557923785e+01	-1.21104052473754e+01
24	3	17	10	8.14900000000000e+01	8.97136403151319e+02	3.00000000000000e-02	0.00000000000000e+00	0.00000000000000e+00	7.81921863833309e+01	1.37701963815878e+00
25	1	18	11	7.08600000000000e+01	9.12027197744928e+02	3.00000000000000e-02	0.00000000000000e+00	0.00000000000000e+00	6.91478359269062e+01	8.15311238702687e-01
26	5	19	12	6.34300000000000e+01	9.18921238596363e+02	3.00000000000000e-02	0.00000000000000e+00	0.00000000000000e+00	6.28625001909561e+01	2.99571037001467e-01
27	6	20	13	6.30000000000000e+01	9.22993031788363e+02	3.00000000000000e-02	0.00000000000000e+00	0.00000000000000e+00	5.70953882664177e+01	3.28037929678115e+00
28	7	21	14	5.74300000000000e+01	9.41608079344396e+02	3.00000000000000e-02	0.00000000000000e+00	0.00000000000000e+00	5.13278139723560e+01	3.74446756434725e+00
29	8	22	15	4.31800000000000e+01	9.54885744583607e+02	3.00000000000000e-02	0.00000000000000e+00	0.00000000000000e+00	5.08266227027987e+01	-5.43476203914433e+00
30	9	23	16	5.68100000000000e+01	9.48378034086432e+02	3.00000000000000e-02	0.00000000000000e+00	0.00000000000000e+00	5.24379887766581e+01	2.66936870856290e+00
31	10	24	17	4.98800000000000e+01	9.31485932556985e+02	3.00000000000000e-02	0.00000000000000e+00	0.00000000000000e+00	5.23403048467081e+01	-1.60488668758595e+00
32	11	25	18	6.39600000000000e+01	9.20166670719620e+02	3.00000000000000e-02	0.00000000000000e+00	0.00000000000000e+00	6.05432373525560e+01	1.83000370658014e+00
33	12	26	19	6.24900000000000e+01	8.99679115010739e+02	3.00000000000000e-02	0.00000000000000e+00	0.00000000000000e+00	6.38799973021559e+01	-7.33324572427326e-01
34	13	27	20	7.29300000000000e+01	8.86108614922117e+02	3.00000000000000e-02	0.00000000000000e+00	0.00000000000000e+00	6.72219549135238e+01	2.71667242674868e+00
35	14	28	21	6.11700000000000e+01	8.75789471673566e+02	3.00000000000000e-02	0.00000000000000e+00	0.00000000000000e+00	6.96464891611764e+01	-4.32584729420536e+00
36	15	29	22	8.98100000000000e+01	8.73002667234879e+02	3.00000000000000e-02	0.00000000000000e+00	0.00000000000000e+00	7.62425906873038e+01	5.45920294102746e+00
37	16	30	23	7.81600000000000e+01	8.78762294934292e+02	3.00000000000000e-02	0.00000000000000e+00	0.00000000000000e+00	7.96080796455004e+01	-6.11919434963208e-01
38	17	31	24	8.36800000000000e+01	8.86276088563817e+02	3.00000000000000e-02	0.00000000000000e+00	0.00000000000000e+00	8.67841942583270e+01	-1.21415036568422e+00
39	18	32	25	8.40400000000000e+01	8.96169641938545e+02	3.00000000000000e-02	0.00000000000000e+00	0.00000000000000e+00	8.58667420137781e+01	-7.16790235818543e-01
40	19	33	26	8.67200000000000e+01	8.99830840555750e+02	3.00000000000000e-02	0.00000000000000e+00	0.00000000000000e+00	8.88939276447336e+01	-8.25309901234454e-01
41	20	34	27	8.67000000000000e+01	8.95027747195099e+02	3.00000000000000e-02	0.00000000000000e+00	0.00000000000000e+00	9.22465560483997e+01	-2.06703552095261e+00
42	21	35	28	9.79500000000000e+01	9.01072624142319e+02	3.00000000000000e-02	0.00000000000000e+00	0.00000000000000e+00	9.78652025177776e+01	2.88699026540643e-02
43	22	36	29	8.74100000000000e+01	9.10859290262188e+02	3.00000000000000e-02	0.00000000000000e+00	0.00000000000000e+00	9.29020988371381e+01	-2.03121818021336e+00
25	2	17	9	1.06160000000000e+02	1.03281897318529e+03	3.00000000000000e-02	0.00000000000000e+00	0.00000000000000e+00	8.70704274335412e+01	6.60766960387006e+00
26	4	18	10	8.71900000000000e+01	1.04513008967703e+03	3.00000000000000e-02	0.00000000000000e+00	0.00000000000000e+00	8.32300040158274e+01	1.54939124773209e+00
27	3	19	11	6.92800000000000e+01	1.04487408628056e+03	3.00000000000000e-02	0.00000000000000e+00	0.00000000000000e+00	7.14029663001707e+01	-1.00610496829049e+00
28	1	20	12	7.78300000000000e+01	1.05367966836590e+03	3.00000000000000e-02	0.00000000000000e+00	0.00000000000000e+00	6.77261499918896e+01	4.63515309428241e+00
29	5	21	13	7.83100000000000e+01	1.05110772680160e+03	3.00000000000000e-02	0.00000000000000e+00	0.00000000000000e+00	6.16119923625490e+01	7.99395919870293e+00
30	6	22	14	7.12600000000000e+01	1.06030549777297e+03	3.00000000000000e-02	0.00000000000000e+00	0.00000000000000e+00	5.39429568658540e+01	9.28026754283096e+00
31	7	23	15	5.41100000000000e+01	1.07922580501978e+03	3.00000000000000e-02	0.00000000000000e+00	0.00000000000000e+00	5.32668134382947e+01	5.23517052736159e-01
32	8	24	16	6.22400000000000e+01	1.06638134118313e+03	3.00000000000000e-02	0.00000000000000e+00	0.00000000000000e+00	5.46083602375283e+01	4.36036303123929e+00
33	9	25	17	4.67500000000000e+01	1.05581880507786e+03	3.00000000000000e-02	0.00000000000000e+00	0.00000000000000e+00	6.01996232975545e+01	-8.42839463482653e+00
34	10	26	18	6.68100000000000e+01	1.05009082010609e+03	3.00000000000000e-02	0.00000000000000e+00	0.00000000000000e+00	6.42689856172214e+01	1.29251979415050e+00
35	11	27	19	9.85000000000000e+01	1.03540336816063e+03	3.00000000000000e-02	0.00000000000000e+00	0.00000000000000e+00	6.91299116117048e+01	1.18023012267517e+01
36	12	28	20	7.46400000000000e+01	1.01336936709433e+03	3.00000000000000e-02	0.00000000000000e+00	0.00000000000000e+00	7.31255414453492e+01	6.83294887787866e-01
37	13	29	21	8.14500000000000e+01	1.00470966686586e+03	3.00000000000000e-02	0.00000000000000e+00	0.00000000000000e+00	8.01319867195449e+01	5.43807528696405e-01
38	14	30	22	7.70000000000000e+01	9.99893905203809e+02	3.00000000000000e-02	0.00000000000000e+00	0.00000000000000e+00	8.56859836540334e+01	-3.56279463597510e+00
39	15	31	23	9.32600000000000e+01	9.98858827534049e+02	3.00000000000000e-02	0.00000000000000e+00	0.00000000000000e+00	9.07596133881386e+01	9.05896373133874e-01
40	16	32	24	8.41300000000000e+01	1.01019568244530e+03	3.00000000000000e-02	0.00000000000000e+00	0.00000000000000e+00	9.52498901838157e+01	-4.13802131725346e+00
41	17	33	25	9.47200000000000e+01	1.01718699930222e+03	3.00000000000000e-02	0.00000000000000e+00	0.00000000000000e+00	9.63064368821629e+01	-5.53666246975038e-01
42	18	34	26	9.88400000000000e+01	1.02453574178394e+03	3.00000000000000e-02	0.00000000000000e+00	0.00000000000000e+00	1.00316418133229e+02	-4.94233023773294e-01
43	19	35	27	1.39020000000000e+02	1.03377734203868e+03	3.00000000000000e-02	0.00000000000000e+00	0.00000000000000e+00	1.01139671764530e+02	1.06038452461131e+01
28	2	19	10	9.67800000000000e+01	1.17932192387662e+03	3.00000000000000e-02	0.00000000000000e+00	0.00000000000000e+00	8.75305453165494e+01	3.34841798623717e+00
29	4	20	11	7.98100000000000e+01	1.17872494231068e+03	3.00000000000000e-02	0.00000000000000e+00	0.00000000000000e+00	7.45361242320806e+01	2.27883043339601e+00
30	3	21	12	6.28300000000000e+01	1.17959022417841e+03	3.00000000000000e-02	0.00000000000000e+00	0.00000000000000e+00	6.91982743418760e+01	-3.21810862139011e+00
31	1	22	13	6.03000000000000e+01	1.19364235457013e+03	3.00000000000000e-02	0.00000000000000e+00	0.00000000000000e+00	6.45823106979579e+01	-2.28694804508809e+00
32	5	23	14	5.07600000000000e+01	1.18289825368326e+03	3.00000000000000e-02	0.00000000000000e+00	0.00000000000000e+00	5.67937846712583e+01	-3.74394173639326e+00
33	6	24	15	4.85400000000000e+01	1.18431927258906e+03	3.00000000000000e-02	0.00000000000000e+00	0.00000000000000e+00	5.62714868399566e+01	-4.92665853710087e+00
34	7	25	16	6.27600000000000e+01	1.19202582238568e+03	3.00000000000000e-02	0.00000000000000e+00	0.00000000000000e+00	6.43968390381463e+01	-8.58220692741855e-01
35	8	26	17	6.49100000000000e+01	1.17957193514615e+03	3.00000000000000e-02	0.00000000000000e+00	0.00000000000000e+00	6.70486858924786e+01	-1.08057718570711e+00
36	9	27	18	7.42500000000000e+01	1.17603170454079e+03	3.00000000000000e-02	0.00000000000000e+00	0.00000000000000e+00	6.98626918933794e+01	2.03020021204707e+00
37	10	28	19	6.76900000000000e+01	1.16294353657984e+03	3.00000000000000e-02	0.00000000000000e+00	0.00000000000000e+00	7.50829450696488e+01	-3.45516593943316e+00
38	11	29	20	8.97400000000000e+01	1.14792780141264e+03	3.00000000000000e-02	0.00000000000000e+00	0.00000000000000e+00	8.38856360277789e+01	2.24874017382115e+00
39	12	30	21	8.37600000000000e+01	1.13383989897875e+03	3.00000000000000e-02	0.00000000000000e+00	0.00000000000000e+00	8.68079874418811e+01	-1.19143573633863e+00
40	13	31	22	9.64500000000000e+01	1.12522145168130e+03	3.00000000000000e-02	0.00000000000000e+00	0.00000000000000e+00	9.62735127625093e+01	6.10502525250745e-02
41	14	32	23	1.00270000000000e+02	1.12395308916583e+03	3.00000000000000e-02	0.00000000000000e+00	0.00000000000000e+00	1.01784349204077e+02	-4.99660137778631e-01
42	15	33	24	1.03640000000000e+02	1.13426977106943e+03	3.00000000000000e-02	0.00000000000000e+00	0.00000000000000e+00	1.06325182378934e+02	-8.52626691370991e-01
43	16	34	25	9.71200000000000e+01	1.14509798100977e+03	3.00000000000000e-02	0.00000000000000e+00	0.00000000000000e+00	1.02595183235090e+02	-1.82812190990071e+00
31	2	21	11	6.28200000000000e+01	1.31028485679302e+03	3.00000000000000e-02	0.00000000000000e+00	0.00000000000000e+00	7.72819205911473e+01	-6.90621826182882e+00
32	4	22	12	5.68400000000000e+01	1.32040840439504e+03	3.00000000000000e-02	0.00000000000000e+00	0.00000000000000e+00	7.15661885372068e+01	-7.67941440231234e+00
33	3	23	13	5.08700000000000e+01	1.31298458518071e+03	3.00000000000000e-02	0.00000000000000e+00	0.00000000000000e+00	6.64567187358407e+01	-8.90925102857663e+00
34	1	24	14	4.51200000000000e+01	1.31302671180438e+03	3.00000000000000e-02	0.00000000000000e+00	0.00000000000000e+00	6.16087488956861e+01	-1.03826093597363e+01
35	5	25	15	4.90800000000000e+01	1.30629982593700e+03	3.00000000000000e-02	0.00000000000000e+00	0.00000000000000e+00	6.65518749994279e+01	-1.01510032965986e+01
36	6	26	16	6.35800000000000e+01	1.30355773207847e+03	3.00000000000000e-02	0.00000000000000e+00	0.00000000000000e+00	7.19240407786813e+01	-4.11038724852049e+00
37	7	27	17	7.80800000000000e+01	1.30612650028136e+03	3.00000000000000e-02	0.00000000000000e+00	0.00000000000000e+00	7.44793747577044e+01	1.57372346463086e+00
38	8	28	18	7.84100000000000e+01	1.30002388981250e+03	3.00000000000000e-02	0.00000000000000e+00	0.00000000000000e+00	7.72718830939779e+01	4.87377276089400e-01
39	9	29	19	8.95100000000000e+01	1.29077702919836e+03	3.00000000000000e-02	0.00000000000000e+00	0.00000000000000e+00	8.43918241680336e+01	1.96266080067125e+00
40	10	30	20	9.42000000000000e+01	1.27579059819337e+03	3.00000000000000e-02	0.00000000000000e+00	0.00000000000000e+00	9.10708853537477e+01	1.12606727886669e+00
41	11	31	21	9.86700000000000e+01	1.26551358419369e+03	3.00000000000000e-02	0.00000000000000e+00	0.00000000000000e+00	1.00178044224527e+02	-5.05603208526632e-01
42	12	32	22	1.13790000000000e+02	1.25750159890744e+03	3.00000000000000e-02	0.00000000000000e+00	0.00000000000000e+00	1.04719289974092e+02	2.76904343407945e+00
43	13	33	23	7.59900000000000e+01	1.25648853615501e+03	3.00000000000000e-02	0.00000000000000e+00	0.00000000000000e+00	1.06084582614870e+02	-1.11211657478353e+01
34	2	23	12	1.04670000000000e+02	1.44432616097724e+03	3.00000000000000e-02	0.00000000000000e+00	0.00000000000000e+00	7.55925003390747e+01	1.08485155822076e+01
35	4	24	13	8.66700000000000e+01	1.44131224734162e+03	3.00000000000000e-02	0.00000000000000e+00	0.00000000000000e+00	7.10385548778562e+01	6.62950156805895e+00
36	3	25	14	6.86800000000000e+01	1.43338205693139e+03	3.00000000000000e-02	0.00000000000000e+00	0.00000000000000e+00	7.11519811079603e+01	-1.17867107407982e+00
37	1	26	15	6.95000000000000e+01	1.44167569247976e+03	3.00000000000000e-02	0.00000000000000e+00	0.00000000000000e+00	7.58025147550154e+01	-2.89349052382670e+00
38	5	27	16	7.54800000000000e+01	1.42861798850603e+03	3.00000000000000e-02	0.00000000000000e+00	0.00000000000000e+00	7.87609070506773e+01	-1.41830166152224e+00
39	6	28	17	8.05900000000000e+01	1.41981439011767e+03	3.00000000000000e-02	0.00000000000000e+00	0.00000000000000e+00	8.10626211686170e+01	-1.94912816487225e-01
40	7	29	18	9.34900000000000e+01	1.42601950704254e+03	3.00000000000000e-02	0.00000000000000e+00	0.00000000000000e+00	8.91570693054603e+01	1.58182802618922e+00
41	8	30	19	9.65800000000000e+01	1.41784271963409e+03	3.00000000000000e-02	0.00000000000000e+00	0.00000000000000e+00	9.53440498924071e+01	4.29325105084407e-01
42	9	31	20	1.05840000000000e+02	1.40528312586154e+03	3.00000000000000e-02	0.00000000000000e+00	0.00000000000000e+00	1.02884797115411e+02	9.43954404807930e-01
43	10	32	21	1.08720000000000e+02	1.40107899746434e+03	3.00000000000000e-02	0.00000000000000e+00	0.00000000000000e+00	1.03332501088595e+02	1.69412716818602e+00
37	2	25	13	1.05460000000000e+02	1.56454097391225e+03	3.00000000000000e-02	0.00000000000000e+00	0.00000000000000e+00	8.18798994315656e+01	8.43594005172458e+00
38	4	26	14	8.17500000000000e+01	1.56886789050698e+03	3.00000000000000e-02	0.00000000000000e+00	0.00000000000000e+00	7.91503060121035e+01	1.07723857426096e+00
39	3	27	15	1.08490000000000e+02	1.56544877075889e+03	3.00000000000000e-02	0.00000000000000e+00	0.00000000000000e+00	8.09606241497272e+01	9.75650293218804e+00
40	1	28	16	8.39900000000000e+01	1.56208659484009e+03	3.00000000000000e-02	0.00000000000000e+00	0.00000000000000e+00	8.77436221733639e+01	-1.45738112606546e+00
41	5	29	17	9.08900000000000e+01	1.54663917027802e+03	3.00000000000000e-02	0.00000000000000e+00	0.00000000000000e+00	9.42539660557634e+01	-1.21143071597825e+00
42	6	30	18	9.68500000000000e+01	1.54651838102244e+03	3.00000000000000e-02	0.00000000000000e+00	0.00000000000000e+00	9.91022216946271e+01	-7.66282331544854e-01
43	7	31	19	1.01880000000000e+02	1.54941473250314e+03	3.00000000000000e-02	0.00000000000000e+00	0.00000000000000e+00	1.04249730329734e+02	-7.66454126638857e-01
40	2	27	14	8.66900000000000e+01	1.69182588516933e+03	3.00000000000000e-02	0.00000000000000e+00	0.00000000000000e+00	8.63928590799855e+01	1.14450467446818e-01
41	4	28	15	7.15000000000000e+01	1.70254217004056e+03	3.00000000000000e-02	0.00000000000000e+00	0.00000000000000e+00	9.05645008306648e+01	-7.87882878350548e+00
42	3	29	16	9.55200000000000e+01	1.69199544041132e+03	3.00000000000000e-02	0.00000000000000e+00	0.00000000000000e+00	9.90913829210351e+01	-1.22356115136692e+00
43	1	30	17	9.76900000000000e+01	1.69048956494683e+03	3.00000000000000e-02	0.00000000000000e+00	0.00000000000000e+00	1.01944188168135e+02	-1.42087630141452e+00
43	2	29	15	1.25590000000000e+02	1.83645143965068e+03	3.00000000000000e-02	0.00000000000000e+00	0.00000000000000e+00	9.97388725324724e+01	7.68223790139325e+00
0
