43
# x y z
390	989.2093	0
420	980.4871	0
400	987.414	0
410	982.292	0
380	994.4391	0
370	995.7553	0
360	994.451	0
350	996.5297	0
340	998	0
330	1000.4421	0
320	1003.1944	0
310	1007.9966	0
300	1012.1914	0
290	1016.0897	0
280	1021.3199	0
270	1023	0
260	1022.7144	0
250	1023.9769	0
240	1023	0
230	1019.8127	0
220	1018.0792	0
210	1017.6209	0
200	1014	0
190	1008.9312	0
180	1006.0978	0
170	1004	0
160	1002.5736	0
150	1000.07	0
140	999.0836	0
130	997.9098	0
120	995.0459	0
110	994.3781	0
100	993.4465	0
90	991.2596	0
80	991.5651	0
70	991.5154	0
60	990.3394	0
50	989.6807	0
40	991	0
30	991.2821	0
20	988.0058	0
10	985.4299	0
0	979.5214	0
287
# a b m n rhoa k err ip iperr response residual
1	2	3	4	7.68200000000000e+01	1.22794825845005e+02	3.00000000000000e-02	0.00000000000000e+00	0.00000000000000e+00	7.71202942083449e+01	-1.30048077316195e-01
5	4	1	3	8.61800000000000e+01	1.51056983745086e+02	3.00000000000000e-02	0.00000000000000e+00	0.00000000000000e+00	9.11164151308250e+01	-1.85666146301623e+00
6	3	5	1	5.87200000000000e+01	1.22148945063096e+02	3.00000000000000e-02	0.00000000000000e+00	0.00000000000000e+00	6.16214833483395e+01	-1.60767270289860e+00
7	1	6	5	6.92800000000000e+01	1.39233352640493e+02	3.00000000000000e-02	0.00000000000000e+00	0.00000000000000e+00	6.54818649698746e+01	1.87943435458922e+00
8	5	7	6	5.38600000000000e+01	1.29430818532193e+02	3.00000000000000e-02	0.00000000000000e+00	0.00000000000000e+00	5.28571040603963e+01	6.26532159775565e-01
9	6	8	7	3.84400000000000e+01	1.27057527055971e+02	3.00000000000000e-02	0.00000000000000e+00	0.00000000000000e+00	3.87084835030230e+01	-2.32006795821027e-01
10	7	9	8	2.95600000000000e+01	1.29883024260908e+02	3.00000000000000e-02	0.00000000000000e+00	0.00000000000000e+00	3.08572021583975e+01	-1.43160281156415e+00
11	8	10	9	2.96900000000000e+01	1.28376455637631e+02	3.00000000000000e-02	0.00000000000000e+00	0.00000000000000e+00	2.95008836222874e+01	2.13002419353610e-01
12	9	11	10	3.05800000000000e+01	1.36411694311053e+02	3.00000000000000e-02	0.00000000000000e+00	0.00000000000000e+00	3.39011448076647e+01	-3.43675278176307e+00
13	10	12	11	3.84500000000000e+01	1.30549949962852e+02	3.00000000000000e-02	0.00000000000000e+00	0.00000000000000e+00	3.79729079198018e+01	4.16191332450300e-01
14	11	13	12	6.16700000000000e+01	1.37536194784139e+02	3.00000000000000e-02	0.00000000000000e+00	0.00000000000000e+00	6.11581889729476e+01	2.77793989335103e-01
15	12	14	13	8.48800000000000e+01	1.41207651731264e+02	3.00000000000000e-02	0.00000000000000e+00	0.00000000000000e+00	8.85070490723743e+01	-1.39479016905080e+00
16	13	15	14	7.55900000000000e+01	1.26876647254927e+02	3.00000000000000e-02	0.00000000000000e+00	0.00000000000000e+00	8.20351317630004e+01	-2.72745307805880e+00
17	14	16	15	1.12440000000000e+02	1.37437057189505e+02	3.00000000000000e-02	0.00000000000000e+00	0.00000000000000e+00	1.00628450690758e+02	3.69949061028727e+00
18	15	17	16	1.02750000000000e+02	1.28213949831156e+02	3.00000000000000e-02	0.00000000000000e+00	0.00000000000000e+00	1.08531508732858e+02	-1.82472268377246e+00
19	16	18	17	1.22200000000000e+02	1.26231578650453e+02	3.00000000000000e-02	0.00000000000000e+00	0.00000000000000e+00	1.21683427767831e+02	1.41207627872338e-01
20	17	19	18	1.07070000000000e+02	1.31523290377230e+02	3.00000000000000e-02	0.00000000000000e+00	0.00000000000000e+00	1.10203445910750e+02	-9.61511322242862e-01
21	18	20	19	9.19400000000000e+01	1.24970700779354e+02	3.00000000000000e-02	0.00000000000000e+00	0.00000000000000e+00	9.29830364382076e+01	-3.76029408244024e-01
22	19	21	20	7.85400000000000e+01	1.29659549247822e+02	3.00000000000000e-02	0.00000000000000e+00	0.00000000000000e+00	8.16797281891338e+01	-1.30659323159984e+00
23	20	22	21	6.51500000000000e+01	1.33880322827176e+02	3.00000000000000e-02	0.00000000000000e+00	0.00000000000000e+00	6.24554404168996e+01	1.40796514767310e+00
24	21	23	22	3.48400000000000e+01	1.33342596649193e+02	3.00000000000000e-02	0.00000000000000e+00	0.00000000000000e+00	4.07900441822272e+01	-5.25572948359283e+00
25	22	24	23	4.54900000000000e+01	1.28387862454627e+02	3.00000000000000e-02	0.00000000000000e+00	0.00000000000000e+00	4.68635854007858e+01	-9.91614053501048e-01
26	23	25	24	5.61400000000000e+01	1.36564815493406e+02	3.00000000000000e-02	0.00000000000000e+00	0.00000000000000e+00	5.28223192573769e+01	2.03049187772275e+00
27	24	26	25	3.89800000000000e+01	1.28987766498500e+02	3.00000000000000e-02	0.00000000000000e+00	0.00000000000000e+00	3.71469375197244e+01	1.60557872842295e+00
28	25	27	26	3.52400000000000e+01	1.30123568750067e+02	3.00000000000000e-02	0.00000000000000e+00	0.00000000000000e+00	3.87369171342680e+01	-3.15370917942176e+00
29	26	28	27	4.86300000000000e+01	1.25415948591769e+02	3.00000000000000e-02	0.00000000000000e+00	0.00000000000000e+00	4.79626730056132e+01	4.60585391582402e-01
30	27	29	28	4.05300000000000e+01	1.29074329721137e+02	3.00000000000000e-02	0.00000000000000e+00	0.00000000000000e+00	4.33807971173193e+01	-2.26581466053477e+00
31	28	30	29	4.97200000000000e+01	1.29643468904902e+02	3.00000000000000e-02	0.00000000000000e+00	0.00000000000000e+00	4.46753859385652e+01	3.56615222768036e+00
32	29	31	30	4.01200000000000e+01	1.24608841898874e+02	3.00000000000000e-02	0.00000000000000e+00	0.00000000000000e+00	4.49719893499729e+01	-3.80549579930435e+00
33	30	32	31	3.05300000000000e+01	1.30052962031104e+02	3.00000000000000e-02	0.00000000000000e+00	0.00000000000000e+00	3.24847434301293e+01	-2.06869131505597e+00
34	31	33	32	3.76300000000000e+01	1.27934416607326e+02	3.00000000000000e-02	0.00000000000000e+00	0.00000000000000e+00	3.58792883921994e+01	1.58804668682513e+00
35	32	34	33	3.15300000000000e+01	1.25239150617763e+02	3.00000000000000e-02	0.00000000000000e+00	0.00000000000000e+00	3.04818151653806e+01	1.12697306139157e+00
36	33	35	34	3.18800000000000e+01	1.28341042537214e+02	3.00000000000000e-02	0.00000000000000e+00	0.00000000000000e+00	3.33209671516767e+01	-1.47359963720478e+00
37	34	36	35	2.92400000000000e+01	1.26464567796497e+02	3.00000000000000e-02	0.00000000000000e+00	0.00000000000000e+00	3.01908483904233e+01	-1.06670700485485e+00
38	35	37	36	3.70600000000000e+01	1.25556654708300e+02	3.00000000000000e-02	0.00000000000000e+00	0.00000000000000e+00	3.71054882793810e+01	-4.08889958031159e-02
39	36	38	37	4.52900000000000e+01	1.27328036536700e+02	3.00000000000000e-02	0.00000000000000e+00	0.00000000000000e+00	4.22209056761493e+01	2.33902546748056e+00
40	37	39	38	5.35300000000000e+01	1.25750727217077e+02	3.00000000000000e-02	0.00000000000000e+00	0.00000000000000e+00	5.40697720249157e+01	-3.34434756149404e-01
41	38	40	39	4.50600000000000e+01	1.32443172304244e+02	3.00000000000000e-02	0.00000000000000e+00	0.00000000000000e+00	4.74252589002939e+01	-1.70533466514321e+00
42	39	41	40	8.09300000000000e+01	1.26470098716429e+02	3.00000000000000e-02	0.00000000000000e+00	0.00000000000000e+00	8.00476297503016e+01	3.65425137282690e-01
43	40	42	41	1.16810000000000e+02	1.44263074671729e+02	3.00000000000000e-02	0.00000000000000e+00	0.00000000000000e+00	1.15303547836900e+02	4.32682862705806e-01
7	2	5	3	8.40700000000000e+01	2.56354417626246e+02	3.00000000000000e-02	0.00000000000000e+00	0.00000000000000e+00	8.19355226795865e+01	8.57238532379482e-01
8	4	6	1	6.73300000000000e+01	2.56819225980159e+02	3.00000000000000e-02	0.00000000000000e+00	0.00000000000000e+00	5.82856976748186e+01	4.80830540664128e+00
9	3	7	5	5.05900000000000e+01	2.68042098811709e+02	3.00000000000000e-02	0.00000000000000e+00	0.00000000000000e+00	5.27844687114112e+01	-1.41543553146216e+00
10	1	8	6	6.31300000000000e+01	2.66418147239791e+02	3.00000000000000e-02	0.00000000000000e+00	0.00000000000000e+00	6.00395337734220e+01	1.67309503035152e+00
11	5	9	7	4.37500000000000e+01	2.56092212952135e+02	3.00000000000000e-02	0.00000000000000e+00	0.00000000000000e+00	4.48139317731509e+01	-8.00915178440898e-01
12	6	10	8	4.10100000000000e+01	2.62482935127953e+02	3.00000000000000e-02	0.00000000000000e+00	0.00000000000000e+00	4.18500697595415e+01	-6.75917480826197e-01
13	7	11	9	5.34400000000000e+01	2.68252672995327e+02	3.00000000000000e-02	0.00000000000000e+00	0.00000000000000e+00	5.01811777477146e+01	2.09731727016355e+00
14	8	12	10	4.56700000000000e+01	2.61226872877831e+02	3.00000000000000e-02	0.00000000000000e+00	0.00000000000000e+00	4.57934275231882e+01	-8.99649921682381e-02
15	9	13	11	5.81700000000000e+01	2.64286062137939e+02	3.00000000000000e-02	0.00000000000000e+00	0.00000000000000e+00	5.20472110605544e+01	3.70728487423489e+00
16	10	14	12	7.06800000000000e+01	2.65428626785872e+02	3.00000000000000e-02	0.00000000000000e+00	0.00000000000000e+00	7.05107218545805e+01	7.99288717676798e-02
17	11	15	13	7.23300000000000e+01	2.58944835042227e+02	3.00000000000000e-02	0.00000000000000e+00	0.00000000000000e+00	7.08355459631366e+01	6.95934817535449e-01
18	12	16	14	5.14300000000000e+01	2.59880660203962e+02	3.00000000000000e-02	0.00000000000000e+00	0.00000000000000e+00	4.96098371467843e+01	1.20108387161297e+00
19	13	17	15	7.73300000000000e+01	2.71260870656006e+02	3.00000000000000e-02	0.00000000000000e+00	0.00000000000000e+00	8.07558952459004e+01	-1.44496623193948e+00
20	14	18	16	1.03230000000000e+02	2.68740401139809e+02	3.00000000000000e-02	0.00000000000000e+00	0.00000000000000e+00	1.02747977455171e+02	1.56011314315988e-01
21	15	19	17	7.81400000000000e+01	2.58464798954982e+02	3.00000000000000e-02	0.00000000000000e+00	0.00000000000000e+00	7.14157183413114e+01	2.99946998911367e+00
22	16	20	18	5.30400000000000e+01	2.51167735091783e+02	3.00000000000000e-02	0.00000000000000e+00	0.00000000000000e+00	5.33905611753951e+01	-2.19587581670237e-01
23	17	21	19	6.44600000000000e+01	2.52527620164609e+02	3.00000000000000e-02	0.00000000000000e+00	0.00000000000000e+00	6.03847171142033e+01	2.17696104580088e+00
24	18	22	20	7.58700000000000e+01	2.73209795682521e+02	3.00000000000000e-02	0.00000000000000e+00	0.00000000000000e+00	7.17514793627891e+01	1.86042922086983e+00
25	19	23	21	4.31800000000000e+01	2.69000446748655e+02	3.00000000000000e-02	0.00000000000000e+00	0.00000000000000e+00	4.61941198315042e+01	-2.24916961754464e+00
26	20	24	22	4.25900000000000e+01	2.49036731303800e+02	3.00000000000000e-02	0.00000000000000e+00	0.00000000000000e+00	4.18378945431659e+01	5.93899569022790e-01
27	21	25	23	4.20100000000000e+01	2.50098158096370e+02	3.00000000000000e-02	0.00000000000000e+00	0.00000000000000e+00	4.23917632335483e+01	-3.01546494178018e-01
28	22	26	24	4.63200000000000e+01	2.68244858874346e+02	3.00000000000000e-02	0.00000000000000e+00	0.00000000000000e+00	4.87750034151466e+01	-1.72147077542715e+00
29	23	27	25	4.41600000000000e+01	2.66830403086688e+02	3.00000000000000e-02	0.00000000000000e+00	0.00000000000000e+00	4.20799775004083e+01	1.60824560752144e+00
30	24	28	26	4.28200000000000e+01	2.55758296803953e+02	3.00000000000000e-02	0.00000000000000e+00	0.00000000000000e+00	4.12255380938222e+01	1.26491207305555e+00
31	25	29	27	5.50800000000000e+01	2.56144334099348e+02	3.00000000000000e-02	0.00000000000000e+00	0.00000000000000e+00	5.42619848429791e+01	4.98759569141679e-01
32	26	30	28	5.47500000000000e+01	2.57326719256680e+02	3.00000000000000e-02	0.00000000000000e+00	0.00000000000000e+00	5.19844520902628e+01	1.72775643627512e+00
33	27	31	29	4.74300000000000e+01	2.52475446881841e+02	3.00000000000000e-02	0.00000000000000e+00	0.00000000000000e+00	4.96563203703952e+01	-1.52902469991033e+00
34	28	32	30	6.02300000000000e+01	2.52834732741253e+02	3.00000000000000e-02	0.00000000000000e+00	0.00000000000000e+00	5.07207139121458e+01	5.72787271569310e+00
35	29	33	31	4.96000000000000e+01	2.55776326458431e+02	3.00000000000000e-02	0.00000000000000e+00	0.00000000000000e+00	4.98300071513899e+01	-1.54217402605727e-01
36	30	34	32	4.91400000000000e+01	2.53167592379199e+02	3.00000000000000e-02	0.00000000000000e+00	0.00000000000000e+00	4.89342080019471e+01	1.39888834709545e-01
37	31	35	33	5.25000000000000e+01	2.51747274648917e+02	3.00000000000000e-02	0.00000000000000e+00	0.00000000000000e+00	5.27407901855439e+01	-1.52533129212514e-01
38	32	36	34	4.62700000000000e+01	2.55013015400977e+02	3.00000000000000e-02	0.00000000000000e+00	0.00000000000000e+00	4.74983550321956e+01	-8.73375887362634e-01
39	33	37	35	4.83300000000000e+01	2.52181257616441e+02	3.00000000000000e-02	0.00000000000000e+00	0.00000000000000e+00	4.69497126987630e+01	9.65846650787213e-01
40	34	38	36	5.74400000000000e+01	2.52051152355665e+02	3.00000000000000e-02	0.00000000000000e+00	0.00000000000000e+00	6.15837065206218e+01	-2.32188020922169e+00
41	35	39	37	7.27000000000000e+01	2.54378060686481e+02	3.00000000000000e-02	0.00000000000000e+00	0.00000000000000e+00	7.27630523018974e+01	-2.88972834675623e-02
42	36	40	38	8.08900000000000e+01	2.62240230663211e+02	3.00000000000000e-02	0.00000000000000e+00	0.00000000000000e+00	7.64545016434613e+01	1.87981309632808e+00
43	37	41	39	8.55800000000000e+01	2.67286189949269e+02	3.00000000000000e-02	0.00000000000000e+00	0.00000000000000e+00	8.68385313559817e+01	-4.86627393667582e-01
10	2	7	1	6.27400000000000e+01	3.91703642169772e+02	3.00000000000000e-02	0.00000000000000e+00	0.00000000000000e+00	6.68011820509674e+01	-2.09071909990900e+00
11	4	8	5	5.24900000000000e+01	4.08945497167709e+02	3.00000000000000e-02	0.00000000000000e+00	0.00000000000000e+00	5.64603765144233e+01	-2.43054720773969e+00
12	3	9	6	6.31500000000000e+01	4.05421156225640e+02	3.00000000000000e-02	0.00000000000000e+00	0.00000000000000e+00	5.54695237523479e+01	4.32263668152991e+00
13	1	10	7	5.32000000000000e+01	3.98813564228390e+02	3.00000000000000e-02	0.00000000000000e+00	0.00000000000000e+00	5.85300170217899e+01	-3.18271125923726e+00
14	5	11	8	5.95100000000000e+01	3.98436623816644e+02	3.00000000000000e-02	0.00000000000000e+00	0.00000000000000e+00	6.03804971677411e+01	-4.84059752283598e-01
15	6	12	9	5.27100000000000e+01	3.94670850734579e+02	3.00000000000000e-02	0.00000000000000e+00	0.00000000000000e+00	5.62959287671569e+01	-2.19390094898109e+00
16	7	13	10	6.50700000000000e+01	3.87072782424081e+02	3.00000000000000e-02	0.00000000000000e+00	0.00000000000000e+00	6.44739499204421e+01	3.06744949599273e-01
17	8	14	11	6.08800000000000e+01	3.76298416183341e+02	3.00000000000000e-02	0.00000000000000e+00	0.00000000000000e+00	6.33050576584722e+01	-1.30201707409222e+00
18	9	15	12	6.07800000000000e+01	3.78644216360592e+02	3.00000000000000e-02	0.00000000000000e+00	0.00000000000000e+00	5.31770081117794e+01	4.45448876356796e+00
19	10	16	13	4.80500000000000e+01	3.88229682752900e+02	3.00000000000000e-02	0.00000000000000e+00	0.00000000000000e+00	5.04067813669849e+01	-1.59611938473656e+00
20	11	17	14	5.02000000000000e+01	4.01235327912901e+02	3.00000000000000e-02	0.00000000000000e+00	0.00000000000000e+00	5.47626300173089e+01	-2.89976668809421e+00
21	12	18	15	5.12400000000000e+01	4.13039391647375e+02	3.00000000000000e-02	0.00000000000000e+00	0.00000000000000e+00	5.01305127245428e+01	7.29687263570182e-01
22	13	19	16	5.73100000000000e+01	4.03185424728193e+02	3.00000000000000e-02	0.00000000000000e+00	0.00000000000000e+00	5.68295997858716e+01	2.80593852775753e-01
23	14	20	17	4.88000000000000e+01	3.90916250857206e+02	3.00000000000000e-02	0.00000000000000e+00	0.00000000000000e+00	5.51083010494139e+01	-4.05233487356300e+00
24	15	21	18	5.26800000000000e+01	3.89303921240956e+02	3.00000000000000e-02	0.00000000000000e+00	0.00000000000000e+00	4.84711376752316e+01	2.77557851844605e+00
25	16	22	19	4.46500000000000e+01	3.95067560467496e+02	3.00000000000000e-02	0.00000000000000e+00	0.00000000000000e+00	4.63404180776606e+01	-1.23867445339207e+00
26	17	23	20	5.80000000000000e+01	3.90361341336516e+02	3.00000000000000e-02	0.00000000000000e+00	0.00000000000000e+00	5.70637159226043e+01	5.42484793581632e-01
27	18	24	21	4.98600000000000e+01	3.80636235292701e+02	3.00000000000000e-02	0.00000000000000e+00	0.00000000000000e+00	4.87087162796829e+01	7.78702832425848e-01
28	19	25	22	6.22500000000000e+01	3.75653443935052e+02	3.00000000000000e-02	0.00000000000000e+00	0.00000000000000e+00	5.77138833362711e+01	2.52202594531923e+00
29	20	26	23	5.01100000000000e+01	3.77040816258234e+02	3.00000000000000e-02	0.00000000000000e+00	0.00000000000000e+00	5.25514206455334e+01	-1.58571807180018e+00
30	21	27	24	5.70800000000000e+01	3.89135634019527e+02	3.00000000000000e-02	0.00000000000000e+00	0.00000000000000e+00	5.38091372599380e+01	1.96701674387813e+00
31	22	28	25	3.96600000000000e+01	3.97601295827321e+02	3.00000000000000e-02	0.00000000000000e+00	0.00000000000000e+00	4.69827644111860e+01	-5.64792322355097e+00
32	23	29	26	5.49800000000000e+01	3.93644889400686e+02	3.00000000000000e-02	0.00000000000000e+00	0.00000000000000e+00	5.33425802074577e+01	1.00781974366444e+00
33	24	30	27	4.79300000000000e+01	3.84170414871651e+02	3.00000000000000e-02	0.00000000000000e+00	0.00000000000000e+00	4.92852287999442e+01	-9.29426810669224e-01
34	25	31	28	6.55300000000000e+01	3.82296270544133e+02	3.00000000000000e-02	0.00000000000000e+00	0.00000000000000e+00	6.48782249122294e+01	3.33200105703154e-01
35	26	32	29	5.73400000000000e+01	3.79775899879674e+02	3.00000000000000e-02	0.00000000000000e+00	0.00000000000000e+00	6.18551773352804e+01	-2.52657809356286e+00
36	27	33	30	6.76500000000000e+01	3.79046277595688e+02	3.00000000000000e-02	0.00000000000000e+00	0.00000000000000e+00	6.33027384369164e+01	2.21395883852340e+00
37	28	34	31	6.39300000000000e+01	3.79785697291768e+02	3.00000000000000e-02	0.00000000000000e+00	0.00000000000000e+00	6.23951887650651e+01	8.10018849993632e-01
38	29	35	32	6.75500000000000e+01	3.80272772703458e+02	3.00000000000000e-02	0.00000000000000e+00	0.00000000000000e+00	6.55309315224198e+01	1.01152654167622e+00
39	30	36	33	5.95200000000000e+01	3.79952211676252e+02	3.00000000000000e-02	0.00000000000000e+00	0.00000000000000e+00	5.90010179476547e+01	2.91923113929175e-01
40	31	37	34	6.84000000000000e+01	3.79580727988900e+02	3.00000000000000e-02	0.00000000000000e+00	0.00000000000000e+00	6.66501352553661e+01	8.63858288934013e-01
41	32	38	35	7.26900000000000e+01	3.78318605974012e+02	3.00000000000000e-02	0.00000000000000e+00	0.00000000000000e+00	7.06442366369375e+01	9.51576465256210e-01
42	33	39	36	8.73000000000000e+01	3.83078666120171e+02	3.00000000000000e-02	0.00000000000000e+00	0.00000000000000e+00	8.96161017957873e+01	-8.72818284404353e-01
43	34	40	37	9.42000000000000e+01	4.01699714589643e+02	3.00000000000000e-02	0.00000000000000e+00	0.00000000000000e+00	9.46306345373789e+01	-1.52035812405445e-01
13	2	9	5	6.57300000000000e+01	5.52294989506658e+02	3.00000000000000e-02	0.00000000000000e+00	0.00000000000000e+00	6.76162829593594e+01	-9.43112798275347e-01
14	4	10	6	6.07800000000000e+01	5.54279944242283e+02	3.00000000000000e-02	0.00000000000000e+00	0.00000000000000e+00	6.16945033375372e+01	-4.97801751411497e-01
15	3	11	7	7.29700000000000e+01	5.39779451236231e+02	3.00000000000000e-02	0.00000000000000e+00	0.00000000000000e+00	7.01546386221773e+01	1.31154896930260e+00
16	1	12	8	8.30600000000000e+01	5.24393176851146e+02	3.00000000000000e-02	0.00000000000000e+00	0.00000000000000e+00	7.12034730916607e+01	5.13405471990316e+00
17	5	13	9	6.42600000000000e+01	5.03998920322666e+02	3.00000000000000e-02	0.00000000000000e+00	0.00000000000000e+00	6.96568994838374e+01	-2.68814669945424e+00
18	6	14	10	7.20300000000000e+01	4.97639943884359e+02	3.00000000000000e-02	0.00000000000000e+00	0.00000000000000e+00	7.26290227514138e+01	-2.76063515398040e-01
19	7	15	11	5.52900000000000e+01	4.94372842962735e+02	3.00000000000000e-02	0.00000000000000e+00	0.00000000000000e+00	5.78923320589687e+01	-1.53309604147400e+00
20	8	16	12	4.53000000000000e+01	5.08336306467281e+02	3.00000000000000e-02	0.00000000000000e+00	0.00000000000000e+00	5.12798252817804e+01	-4.13301243253514e+00
21	9	17	13	5.06800000000000e+01	5.23900425986462e+02	3.00000000000000e-02	0.00000000000000e+00	0.00000000000000e+00	4.80060942933584e+01	1.80677960531281e+00
22	10	18	14	4.52800000000000e+01	5.35120443621861e+02	3.00000000000000e-02	0.00000000000000e+00	0.00000000000000e+00	4.33086093401121e+01	1.48379962082896e+00
23	11	19	15	4.58400000000000e+01	5.56517814085809e+02	3.00000000000000e-02	0.00000000000000e+00	0.00000000000000e+00	4.38061646763986e+01	1.51275062971266e+00
24	12	20	16	4.57700000000000e+01	5.49841326444597e+02	3.00000000000000e-02	0.00000000000000e+00	0.00000000000000e+00	4.53583823936777e+01	3.01128579899442e-01
25	13	21	17	4.78800000000000e+01	5.36529332323824e+02	3.00000000000000e-02	0.00000000000000e+00	0.00000000000000e+00	4.91473568805333e+01	-8.70839595533424e-01
26	14	22	18	4.71100000000000e+01	5.33183854246626e+02	3.00000000000000e-02	0.00000000000000e+00	0.00000000000000e+00	5.14762704834682e+01	-2.95452138201890e+00
27	15	23	19	5.69500000000000e+01	5.13802452883059e+02	3.00000000000000e-02	0.00000000000000e+00	0.00000000000000e+00	5.23825482064468e+01	2.78667345115950e+00
28	16	24	20	4.77900000000000e+01	5.05020201221914e+02	3.00000000000000e-02	0.00000000000000e+00	0.00000000000000e+00	5.21384563240805e+01	-2.90287963703612e+00
29	17	25	21	6.03700000000000e+01	5.01489300767359e+02	3.00000000000000e-02	0.00000000000000e+00	0.00000000000000e+00	5.90787571040364e+01	7.20695762476501e-01
30	18	26	22	6.71800000000000e+01	4.99826834324650e+02	3.00000000000000e-02	0.00000000000000e+00	0.00000000000000e+00	6.35946031976270e+01	1.82823242739050e+00
31	19	27	23	6.37600000000000e+01	5.09070971104262e+02	3.00000000000000e-02	0.00000000000000e+00	0.00000000000000e+00	5.79942365924191e+01	3.15941326563995e+00
32	20	28	24	4.96400000000000e+01	5.14160610502851e+02	3.00000000000000e-02	0.00000000000000e+00	0.00000000000000e+00	5.47292962193173e+01	-3.25340618658815e+00
33	21	29	25	5.96100000000000e+01	5.19350704497408e+02	3.00000000000000e-02	0.00000000000000e+00	0.00000000000000e+00	5.70194545605414e+01	1.48102758499880e+00
34	22	30	26	5.65400000000000e+01	5.26975575640278e+02	3.00000000000000e-02	0.00000000000000e+00	0.00000000000000e+00	5.75706412693923e+01	-6.02146177031493e-01
35	23	31	27	6.40200000000000e+01	5.15049396278788e+02	3.00000000000000e-02	0.00000000000000e+00	0.00000000000000e+00	6.25899476082772e+01	7.53028355588400e-01
36	24	32	28	7.00600000000000e+01	5.10458957602586e+02	3.00000000000000e-02	0.00000000000000e+00	0.00000000000000e+00	6.77313705411113e+01	1.12675231282084e+00
37	25	33	29	6.81800000000000e+01	5.07173574216007e+02	3.00000000000000e-02	0.00000000000000e+00	0.00000000000000e+00	6.99757135043015e+01	-8.66565506666580e-01
38	26	34	30	7.67900000000000e+01	5.04318634887652e+02	3.00000000000000e-02	0.00000000000000e+00	0.00000000000000e+00	7.51371320380166e+01	7.25318405692536e-01
39	27	35	31	7.28700000000000e+01	5.08770480677039e+02	3.00000000000000e-02	0.00000000000000e+00	0.00000000000000e+00	7.37462664478740e+01	-3.98444594022370e-01
40	28	36	32	7.19600000000000e+01	5.06074421999772e+02	3.00000000000000e-02	0.00000000000000e+00	0.00000000000000e+00	6.97010871405208e+01	1.06314980041722e+00
41	29	37	33	8.13000000000000e+01	5.06374044492467e+02	3.00000000000000e-02	0.00000000000000e+00	0.00000000000000e+00	7.74622407639998e+01	1.61184716237033e+00
42	30	38	34	8.63800000000000e+01	5.10396538167678e+02	3.00000000000000e-02	0.00000000000000e+00	0.00000000000000e+00	8.85094193243834e+01	-8.11760395387129e-01
43	31	39	35	9.66200000000000e+01	5.21601783434247e+02	3.00000000000000e-02	0.00000000000000e+00	0.00000000000000e+00	9.76467168343310e+01	-3.52342528765319e-01
16	2	11	6	8.70700000000000e+01	6.85811747974325e+02	3.00000000000000e-02	0.00000000000000e+00	0.00000000000000e+00	8.44247370805887e+01	1.02839802700601e+00
17	4	12	7	7.76900000000000e+01	6.50682948182005e+02	3.00000000000000e-02	0.00000000000000e+00	0.00000000000000e+00	7.65223138447905e+01	5.04805547193025e-01
18	3	13	8	7.94600000000000e+01	6.34875653140362e+02	3.00000000000000e-02	0.00000000000000e+00	0.00000000000000e+00	7.59764602754521e+01	1.49433970983657e+00
19	1	14	9	9.16200000000000e+01	6.23578848427381e+02	3.00000000000000e-02	0.00000000000000e+00	0.00000000000000e+00	8.08536766637852e+01	4.16695094484405e+00
20	5	15	10	6.91200000000000e+01	6.16764582746268e+02	3.00000000000000e-02	0.00000000000000e+00	0.00000000000000e+00	7.46529754180473e+01	-2.56687523136193e+00
21	6	16	11	4.66100000000000e+01	6.23710855320080e+02	3.00000000000000e-02	0.00000000000000e+00	0.00000000000000e+00	5.60788310312036e+01	-6.16477624865774e+00
22	7	17	12	5.45500000000000e+01	6.40320622649192e+02	3.00000000000000e-02	0.00000000000000e+00	0.00000000000000e+00	5.33527540094541e+01	7.39737143937743e-01
23	8	18	13	4.60300000000000e+01	6.59368360637500e+02	3.00000000000000e-02	0.00000000000000e+00	0.00000000000000e+00	4.90285193489435e+01	-2.10362661662023e+00
24	9	19	14	4.13000000000000e+01	6.83535214668630e+02	3.00000000000000e-02	0.00000000000000e+00	0.00000000000000e+00	4.09712482783596e+01	2.66398025498852e-01
25	10	20	15	3.90700000000000e+01	6.96562762604602e+02	3.00000000000000e-02	0.00000000000000e+00	0.00000000000000e+00	4.19701238942098e+01	-2.38677067482843e+00
26	11	21	16	5.08500000000000e+01	6.93075004634829e+02	3.00000000000000e-02	0.00000000000000e+00	0.00000000000000e+00	5.06588688600720e+01	1.25526874612536e-01
27	12	22	17	5.06500000000000e+01	6.76289001442538e+02	3.00000000000000e-02	0.00000000000000e+00	0.00000000000000e+00	4.93074080989800e+01	8.95496507847208e-01
28	13	23	18	5.54200000000000e+01	6.61059294294310e+02	3.00000000000000e-02	0.00000000000000e+00	0.00000000000000e+00	5.41840865626263e+01	7.51775998515747e-01
29	14	24	19	5.55400000000000e+01	6.36739878028932e+02	3.00000000000000e-02	0.00000000000000e+00	0.00000000000000e+00	5.68966052084211e+01	-8.04406501861710e-01
30	15	25	20	7.31700000000000e+01	6.25988161641482e+02	3.00000000000000e-02	0.00000000000000e+00	0.00000000000000e+00	6.45666845764041e+01	4.16956472558298e+00
31	16	26	21	6.11400000000000e+01	6.27610377860881e+02	3.00000000000000e-02	0.00000000000000e+00	0.00000000000000e+00	6.08836710554865e+01	1.40043495568776e-01
32	17	27	22	6.66400000000000e+01	6.25467461285241e+02	3.00000000000000e-02	0.00000000000000e+00	0.00000000000000e+00	6.21739954068081e+01	2.31227219365921e+00
33	18	28	23	5.13000000000000e+01	6.30841934662358e+02	3.00000000000000e-02	0.00000000000000e+00	0.00000000000000e+00	5.80511757158336e+01	-4.12114030882698e+00
34	19	29	24	7.33200000000000e+01	6.46425111723455e+02	3.00000000000000e-02	0.00000000000000e+00	0.00000000000000e+00	6.78593777710368e+01	2.57986109871225e+00
35	20	30	25	6.55400000000000e+01	6.45588997222732e+02	3.00000000000000e-02	0.00000000000000e+00	0.00000000000000e+00	6.46239544031829e+01	4.69183000693718e-01
36	21	31	26	7.75600000000000e+01	6.43279636563008e+02	3.00000000000000e-02	0.00000000000000e+00	0.00000000000000e+00	7.21492495056590e+01	2.41049823568795e+00
37	22	32	27	7.27600000000000e+01	6.47042617386717e+02	3.00000000000000e-02	0.00000000000000e+00	0.00000000000000e+00	7.25147537342808e+01	1.12543756979407e-01
38	23	33	28	7.51300000000000e+01	6.45453573682526e+02	3.00000000000000e-02	0.00000000000000e+00	0.00000000000000e+00	7.37346441614615e+01	6.24906253356213e-01
39	24	34	29	6.91100000000000e+01	6.34382257096933e+02	3.00000000000000e-02	0.00000000000000e+00	0.00000000000000e+00	7.21353947756773e+01	-1.42817993378660e+00
40	25	35	30	8.21700000000000e+01	6.32633165872093e+02	3.00000000000000e-02	0.00000000000000e+00	0.00000000000000e+00	8.38015836374388e+01	-6.55387772928151e-01
41	26	36	31	7.86200000000000e+01	6.36581044316217e+02	3.00000000000000e-02	0.00000000000000e+00	0.00000000000000e+00	8.17753300459778e+01	-1.31164964826658e+00
42	27	37	32	8.92100000000000e+01	6.36088805483486e+02	3.00000000000000e-02	0.00000000000000e+00	0.00000000000000e+00	8.77077082854989e+01	5.66111720622213e-01
43	28	38	33	8.99400000000000e+01	6.41914580911268e+02	3.00000000000000e-02	0.00000000000000e+00	0.00000000000000e+00	9.17333477416718e+01	-6.58106437204934e-01
19	2	13	7	9.25400000000000e+01	7.62843085214108e+02	3.00000000000000e-02	0.00000000000000e+00	0.00000000000000e+00	8.71717739586353e+01	1.99201326995887e+00
20	4	14	8	9.21200000000000e+01	7.54713762223347e+02	3.00000000000000e-02	0.00000000000000e+00	0.00000000000000e+00	8.66490410228337e+01	2.04087087005262e+00
21	3	15	9	8.73800000000000e+01	7.47169644885185e+02	3.00000000000000e-02	0.00000000000000e+00	0.00000000000000e+00	7.84513736679425e+01	3.59291447966440e+00
22	1	16	10	8.03500000000000e+01	7.51891999468059e+02	3.00000000000000e-02	0.00000000000000e+00	0.00000000000000e+00	7.44120476690927e+01	2.55914108058993e+00
23	5	17	11	7.05900000000000e+01	7.58103377031321e+02	3.00000000000000e-02	0.00000000000000e+00	0.00000000000000e+00	6.05253919702380e+01	5.12751708111410e+00
24	6	18	12	6.06600000000000e+01	7.82821536351673e+02	3.00000000000000e-02	0.00000000000000e+00	0.00000000000000e+00	5.72879987732091e+01	1.90644486567481e+00
25	7	19	13	4.90500000000000e+01	8.05710401697022e+02	3.00000000000000e-02	0.00000000000000e+00	0.00000000000000e+00	5.30764283605594e+01	-2.62975777772914e+00
26	8	20	14	4.37800000000000e+01	8.11180475236524e+02	3.00000000000000e-02	0.00000000000000e+00	0.00000000000000e+00	4.52696503221053e+01	-1.11532483496934e+00
27	9	21	15	4.30700000000000e+01	8.25654582208458e+02	3.00000000000000e-02	0.00000000000000e+00	0.00000000000000e+00	4.60761886484367e+01	-2.24898674261180e+00
28	10	22	16	5.09500000000000e+01	8.28713386481915e+02	3.00000000000000e-02	0.00000000000000e+00	0.00000000000000e+00	4.99991711959880e+01	6.27944348607098e-01
29	11	23	17	4.91500000000000e+01	8.08199475967697e+02	3.00000000000000e-02	0.00000000000000e+00	0.00000000000000e+00	5.50213095143637e+01	-3.76145697724296e+00
30	12	24	18	5.99800000000000e+01	7.84296064493666e+02	3.00000000000000e-02	0.00000000000000e+00	0.00000000000000e+00	5.45559890262133e+01	3.15945591344852e+00
31	13	25	19	6.75300000000000e+01	7.68288964937580e+02	3.00000000000000e-02	0.00000000000000e+00	0.00000000000000e+00	6.35458099069145e+01	2.02702939755062e+00
32	14	26	20	6.71700000000000e+01	7.54787379736357e+02	3.00000000000000e-02	0.00000000000000e+00	0.00000000000000e+00	6.72732039815894e+01	-5.11760102926750e-02
33	15	27	21	7.64400000000000e+01	7.51381917947545e+02	3.00000000000000e-02	0.00000000000000e+00	0.00000000000000e+00	6.43518431142087e+01	5.73801812388884e+00
34	16	28	22	5.71600000000000e+01	7.49475676079162e+02	3.00000000000000e-02	0.00000000000000e+00	0.00000000000000e+00	6.40857864184027e+01	-3.81227485114325e+00
35	17	29	23	7.77400000000000e+01	7.54072738701646e+02	3.00000000000000e-02	0.00000000000000e+00	0.00000000000000e+00	7.01158137399341e+01	3.44071895077542e+00
36	18	30	24	7.48700000000000e+01	7.68584448248097e+02	3.00000000000000e-02	0.00000000000000e+00	0.00000000000000e+00	7.58640215578548e+01	-4.39642383442666e-01
37	19	31	25	8.09800000000000e+01	7.71847104824981e+02	3.00000000000000e-02	0.00000000000000e+00	0.00000000000000e+00	8.01714047741021e+01	3.34510275386091e-01
38	20	32	26	8.16100000000000e+01	7.70623926525202e+02	3.00000000000000e-02	0.00000000000000e+00	0.00000000000000e+00	8.00168408942545e+01	6.57155992781888e-01
39	21	33	27	7.55600000000000e+01	7.69394565968194e+02	3.00000000000000e-02	0.00000000000000e+00	0.00000000000000e+00	7.76169987693867e+01	-8.95313895768801e-01
40	22	34	28	8.88500000000000e+01	7.75028053121956e+02	3.00000000000000e-02	0.00000000000000e+00	0.00000000000000e+00	8.32667901158595e+01	2.16332543340056e+00
41	23	35	29	8.29900000000000e+01	7.69823888507786e+02	3.00000000000000e-02	0.00000000000000e+00	0.00000000000000e+00	8.49254972493563e+01	-7.68475019263093e-01
42	24	36	30	8.71800000000000e+01	7.64385233688151e+02	3.00000000000000e-02	0.00000000000000e+00	0.00000000000000e+00	8.78814670957167e+01	-2.67133162467115e-01
43	25	37	31	9.04600000000000e+01	7.72475112241418e+02	3.00000000000000e-02	0.00000000000000e+00	0.00000000000000e+00	9.16447163391479e+01	-4.33718605190177e-01
22	2	15	8	7.33100000000000e+01	8.80475971250092e+02	3.00000000000000e-02	0.00000000000000e+00	0.00000000000000e+00	8.87461027329416e+01	-6.36941630958558e+00
23	4	16	9	5.61500000000000e+01	8.87787768499947e+02	3.00000000000000e-02	0.00000000000000e+00	0.00000000000000e+00	7.86573521434900e+01	-1.12358141068997e+01
24	3	17	10	8.14900000000000e+01	8.97136403151319e+02	3.00000000000000e-02	0.00000000000000e+00	0.00000000000000e+00	7.80134834325533e+01	1.45328790206574e+00
25	1	18	11	7.08600000000000e+01	9.12027197744928e+02	3.00000000000000e-02	0.00000000000000e+00	0.00000000000000e+00	6.81885118587866e+01	1.28099988650714e+00
26	5	19	12	6.34300000000000e+01	9.18921238596363e+02	3.00000000000000e-02	0.00000000000000e+00	0.00000000000000e+00	6.24767951345977e+01	5.04724189685687e-01
27	6	20	13	6.30000000000000e+01	9.22993031788363e+02	3.00000000000000e-02	0.00000000000000e+00	0.00000000000000e+00	5.75133783141161e+01	3.03723797727956e+00
28	7	21	14	5.74300000000000e+01	9.41608079344396e+02	3.00000000000000e-02	0.00000000000000e+00	0.00000000000000e+00	5.10293666183361e+01	3.93885106081737e+00
29	8	22	15	4.31800000000000e+01	9.54885744583607e+02	3.00000000000000e-02	0.00000000000000e+00	0.00000000000000e+00	4.92995796855757e+01	-4.41793767593629e+00
30	9	23	16	5.68100000000000e+01	9.48378034086432e+02	3.00000000000000e-02	0.00000000000000e+00	0.00000000000000e+00	5.23363943223492e+01	2.73401204544507e+00
31	10	24	17	4.98800000000000e+01	9.31485932556985e+02	3.00000000000000e-02	0.00000000000000e+00	0.00000000000000e+00	5.16177792524308e+01	-1.14153504948142e+00
32	11	25	18	6.39600000000000e+01	9.20166670719620e+02	3.00000000000000e-02	0.00000000000000e+00	0.00000000000000e+00	6.15337240981973e+01	1.28908347090106e+00
33	12	26	19	6.24900000000000e+01	8.99679115010739e+02	3.00000000000000e-02	0.00000000000000e+00	0.00000000000000e+00	6.51450999164083e+01	-1.38701814889298e+00
34	13	27	20	7.29300000000000e+01	8.86108614922117e+02	3.00000000000000e-02	0.00000000000000e+00	0.00000000000000e+00	7.03479814710816e+01	1.20153288371574e+00
35	14	28	21	6.11700000000000e+01	8.75789471673566e+02	3.00000000000000e-02	0.00000000000000e+00	0.00000000000000e+00	7.05902762639449e+01	-4.77451772622090e+00
36	15	29	22	8.98100000000000e+01	8.73002667234879e+02	3.00000000000000e-02	0.00000000000000e+00	0.00000000000000e+00	7.91649233077270e+01	4.20543381649419e+00
37	16	30	23	7.81600000000000e+01	8.78762294934292e+02	3.00000000000000e-02	0.00000000000000e+00	0.00000000000000e+00	7.79182702793963e+01	1.03251577322923e-01
38	17	31	24	8.36800000000000e+01	8.86276088563817e+02	3.00000000000000e-02	0.00000000000000e+00	0.00000000000000e+00	8.65391304111790e+01	-1.11988953421157e+00
39	18	32	25	8.40400000000000e+01	8.96169641938545e+02	3.00000000000000e-02	0.00000000000000e+00	0.00000000000000e+00	8.65019582851188e+01	-9.62472561303152e-01
40	19	33	26	8.67200000000000e+01	8.99830840555750e+02	3.00000000000000e-02	0.00000000000000e+00	0.00000000000000e+00	8.71297233381902e+01	-1.57118109022717e-01
41	20	34	27	8.67000000000000e+01	8.95027747195099e+02	3.00000000000000e-02	0.00000000000000e+00	0.00000000000000e+00	8.95463101148556e+01	-1.07673463745736e+00
42	21	35	28	9.79500000000000e+01	9.01072624142319e+02	3.00000000000000e-02	0.00000000000000e+00	0.00000000000000e+00	9.81864109734664e+01	-8.03560089574162e-02
43	22	36	29	8.74100000000000e+01	9.10859290262188e+02	3.00000000000000e-02	0.00000000000000e+00	0.00000000000000e+00	9.10036104128448e+01	-1.34298293346176e+00
25	2	17	9	1.06160000000000e+02	1.03281897318529e+03	3.00000000000000e-02	0.00000000000000e+00	0.00000000000000e+00	8.76989188271900e+01	6.36792729346730e+00
26	4	18	10	8.71900000000000e+01	1.04513008967703e+03	3.00000000000000e-02	0.00000000000000e+00	0.00000000000000e+00	8.45314896299277e+01	1.03218407180433e+00
27	3	19	11	6.92800000000000e+01	1.04487408628056e+03	3.00000000000000e-02	0.00000000000000e+00	0.00000000000000e+00	7.14540962258878e+01	-1.02996561472792e+00
28	1	20	12	7.78300000000000e+01	1.05367966836590e+03	3.00000000000000e-02	0.00000000000000e+00	0.00000000000000e+00	6.79201335285817e+01	4.53981510005403e+00
29	5	21	13	7.83100000000000e+01	1.05110772680160e+03	3.00000000000000e-02	0.00000000000000e+00	0.00000000000000e+00	6.23201546156617e+01	7.61301420691917e+00
30	6	22	14	7.12600000000000e+01	1.06030549777297e+03	3.00000000000000e-02	0.00000000000000e+00	0.00000000000000e+00	5.28202132952665e+01	9.98137383877943e+00
31	7	23	15	5.41100000000000e+01	1.07922580501978e+03	3.00000000000000e-02	0.00000000000000e+00	0.00000000000000e+00	5.25919131101268e+01	9.48554896138439e-01
32	8	24	16	6.22400000000000e+01	1.06638134118313e+03	3.00000000000000e-02	0.00000000000000e+00	0.00000000000000e+00	5.26066937230611e+01	5.60515037101843e+00
33	9	25	17	4.67500000000000e+01	1.05581880507786e+03	3.00000000000000e-02	0.00000000000000e+00	0.00000000000000e+00	5.78790346842117e+01	-7.11803226692958e+00
34	10	26	18	6.68100000000000e+01	1.05009082010609e+03	3.00000000000000e-02	0.00000000000000e+00	0.00000000000000e+00	6.32801235203926e+01	1.80938315047146e+00
35	11	27	19	9.85000000000000e+01	1.03540336816063e+03	3.00000000000000e-02	0.00000000000000e+00	0.00000000000000e+00	7.19145637077603e+01	1.04859249639067e+01
36	12	28	20	7.46400000000000e+01	1.01336936709433e+03	3.00000000000000e-02	0.00000000000000e+00	0.00000000000000e+00	7.50018536040890e+01	-1.61209047100138e-01
37	13	29	21	8.14500000000000e+01	1.00470966686586e+03	3.00000000000000e-02	0.00000000000000e+00	0.00000000000000e+00	8.26274141231008e+01	-4.78406017523921e-01
38	14	30	22	7.70000000000000e+01	9.99893905203809e+02	3.00000000000000e-02	0.00000000000000e+00	0.00000000000000e+00	8.64258143183666e+01	-3.84936620547878e+00
39	15	31	23	9.32600000000000e+01	9.98858827534049e+02	3.00000000000000e-02	0.00000000000000e+00	0.00000000000000e+00	8.94342186300571e+01	1.39626412362232e+00
40	16	32	24	8.41300000000000e+01	1.01019568244530e+03	3.00000000000000e-02	0.00000000000000e+00	0.00000000000000e+00	9.37844289627541e+01	-3.62118727134127e+00
41	17	33	25	9.47200000000000e+01	1.01718699930222e+03	3.00000000000000e-02	0.00000000000000e+00	0.00000000000000e+00	9.36720557935355e+01	3.70841898761398e-01
42	18	34	26	9.88400000000000e+01	1.02453574178394e+03	3.00000000000000e-02	0.00000000000000e+00	0.00000000000000e+00	9.98139785321206e+01	-3.26861928028984e-01
43	19	35	27	1.39020000000000e+02	1.03377734203868e+03	3.00000000000000e-02	0.00000000000000e+00	0.00000000000000e+00	1.00443065047934e+02	1.08342252546848e+01
28	2	19	10	9.67800000000000e+01	1.17932192387662e+03	3.00000000000000e-02	0.00000000000000e+00	0.00000000000000e+00	9.09227638165694e+01	2.08099881694623e+00
29	4	20	11	7.98100000000000e+01	1.17872494231068e+03	3.00000000000000e-02	0.00000000000000e+00	0.00000000000000e+00	7.46769923498098e+01	2.21589219543281e+00
30	3	21	12	6.28300000000000e+01	1.17959022417841e+03	3.00000000000000e-02	0.00000000000000e+00	0.00000000000000e+00	6.96155110669769e+01	-3.41849120845321e+00
31	1	22	13	6.03000000000000e+01	1.19364235457013e+03	3.00000000000000e-02	0.00000000000000e+00	0.00000000000000e+00	6.45619276639753e+01	-2.27642594235477e+00
32	5	23	14	5.07600000000000e+01	1.18289825368326e+03	3.00000000000000e-02	0.00000000000000e+00	0.00000000000000e+00	5.54251098433553e+01	-2.93080314973125e+00
33	6	24	15	4.85400000000000e+01	1.18431927258906e+03	3.00000000000000e-02	0.00000000000000e+00	0.00000000000000e+00	5.39773937214345e+01	-3.53923746085211e+00
34	7	25	16	6.27600000000000e+01	1.19202582238568e+03	3.00000000000000e-02	0.00000000000000e+00	0.00000000000000e+00	6.22801303046831e+01	2.55849622053687e-01
35	8	26	17	6.49100000000000e+01	1.17957193514615e+03	3.00000000000000e-02	0.00000000000000e+00	0.00000000000000e+00	6.55215143463952e+01	-3.12561898910365e-01
36	9	27	18	7.42500000000000e+01	1.17603170454079e+03	3.00000000000000e-02	0.00000000000000e+00	0.00000000000000e+00	7.03205978835510e+01	1.81243406720739e+00
37	10	28	19	6.76900000000000e+01	1.16294353657984e+03	3.00000000000000e-02	0.00000000000000e+00	0.00000000000000e+00	7.41672543361586e+01	-3.04614260066257e+00
38	11	29	20	8.97400000000000e+01	1.14792780141264e+03	3.00000000000000e-02	0.00000000000000e+00	0.00000000000000e+00	8.64172275286807e+01	1.25765173069482e+00
39	12	30	21	8.37600000000000e+01	1.13383989897875e+03	3.00000000000000e-02	0.00000000000000e+00	0.00000000000000e+00	8.69730709810824e+01	-1.25476584084175e+00
40	13	31	22	9.64500000000000e+01	1.12522145168130e+03	3.00000000000000e-02	0.00000000000000e+00	0.00000000000000e+00	9.62647584373134e+01	6.40814508239274e-02
41	14	32	23	1.00270000000000e+02	1.12395308916583e+03	3.00000000000000e-02	0.00000000000000e+00	0.00000000000000e+00	9.96328681103648e+01	2.12481209186362e-01
42	15	33	24	1.03640000000000e+02	1.13426977106943e+03	3.00000000000000e-02	0.00000000000000e+00	0.00000000000000e+00	1.03557427120012e+02	2.65681820176944e-02
43	16	34	25	9.71200000000000e+01	1.14509798100977e+03	3.00000000000000e-02	0.00000000000000e+00	0.00000000000000e+00	1.01236640201044e+02	-1.38378071126037e+00
31	2	21	11	6.28200000000000e+01	1.31028485679302e+03	3.00000000000000e-02	0.00000000000000e+00	0.00000000000000e+00	7.86688970669824e+01	-7.49914581304865e+00
32	4	22	12	5.68400000000000e+01	1.32040840439504e+03	3.00000000000000e-02	0.00000000000000e+00	0.00000000000000e+00	7.02338335355766e+01	-7.05299502980280e+00
33	3	23	13	5.08700000000000e+01	1.31298458518071e+03	3.00000000000000e-02	0.00000000000000e+00	0.00000000000000e+00	6.64417467438312e+01	-8.90174053700507e+00
34	1	24	14	4.51200000000000e+01	1.31302671180438e+03	3.00000000000000e-02	0.00000000000000e+00	0.00000000000000e+00	5.96037885896642e+01	-9.27978439339610e+00
35	5	25	15	4.90800000000000e+01	1.30629982593700e+03	3.00000000000000e-02	0.00000000000000e+00	0.00000000000000e+00	6.44495014040687e+01	-9.08101244486853e+00
36	6	26	16	6.35800000000000e+01	1.30355773207847e+03	3.00000000000000e-02	0.00000000000000e+00	0.00000000000000e+00	7.05709290916690e+01	-3.47731116588301e+00
37	7	27	17	7.80800000000000e+01	1.30612650028136e+03	3.00000000000000e-02	0.00000000000000e+00	0.00000000000000e+00	7.45018232474032e+01	1.56367812997598e+00
38	8	28	18	7.84100000000000e+01	1.30002388981250e+03	3.00000000000000e-02	0.00000000000000e+00	0.00000000000000e+00	7.58874099036320e+01	1.09002256743101e+00
39	9	29	19	8.95100000000000e+01	1.29077702919836e+03	3.00000000000000e-02	0.00000000000000e+00	0.00000000000000e+00	8.43183464925507e+01	1.99169587300506e+00
40	10	30	20	9.42000000000000e+01	1.27579059819337e+03	3.00000000000000e-02	0.00000000000000e+00	0.00000000000000e+00	8.90906936067066e+01	1.85884338064091e+00
41	11	31	21	9.86700000000000e+01	1.26551358419369e+03	3.00000000000000e-02	0.00000000000000e+00	0.00000000000000e+00	9.95282734580808e+01	-2.88693676286004e-01
42	12	32	22	1.13790000000000e+02	1.25750159890744e+03	3.00000000000000e-02	0.00000000000000e+00	0.00000000000000e+00	1.05241187945852e+02	2.60333000971945e+00
43	13	33	23	7.59900000000000e+01	1.25648853615501e+03	3.00000000000000e-02	0.00000000000000e+00	0.00000000000000e+00	1.02524950448530e+02	-9.98348117617377e+00
34	2	23	12	1.04670000000000e+02	1.44432616097724e+03	3.00000000000000e-02	0.00000000000000e+00	0.00000000000000e+00	7.62248384823900e+01	1.05708389984399e+01
35	4	24	13	8.66700000000000e+01	1.44131224734162e+03	3.00000000000000e-02	0.00000000000000e+00	0.00000000000000e+00	7.05396201663938e+01	6.86444210028156e+00
36	3	25	14	6.86800000000000e+01	1.43338205693139e+03	3.00000000000000e-02	0.00000000000000e+00	0.00000000000000e+00	6.92674760520454e+01	-2.83914632089595e-01
37	1	26	15	6.95000000000000e+01	1.44167569247976e+03	3.00000000000000e-02	0.00000000000000e+00	0.00000000000000e+00	7.41689205785200e+01	-2.16728165761397e+00
38	5	27	16	7.54800000000000e+01	1.42861798850603e+03	3.00000000000000e-02	0.00000000000000e+00	0.00000000000000e+00	7.87425795934683e+01	-1.41054417937279e+00
39	6	28	17	8.05900000000000e+01	1.41981439011767e+03	3.00000000000000e-02	0.00000000000000e+00	0.00000000000000e+00	7.95786583261691e+01	4.20954230489290e-01
40	7	29	18	9.34900000000000e+01	1.42601950704254e+03	3.00000000000000e-02	0.00000000000000e+00	0.00000000000000e+00	8.87487484987386e+01	1.73483839565964e+00
41	8	30	19	9.65800000000000e+01	1.41784271963409e+03	3.00000000000000e-02	0.00000000000000e+00	0.00000000000000e+00	9.30895455880580e+01	1.22699315849548e+00
42	9	31	20	1.05840000000000e+02	1.40528312586154e+03	3.00000000000000e-02	0.00000000000000e+00	0.00000000000000e+00	1.01820250290762e+02	1.29065043888629e+00
43	10	32	21	1.08720000000000e+02	1.40107899746434e+03	3.00000000000000e-02	0.00000000000000e+00	0.00000000000000e+00	1.01864813578555e+02	2.17097308980314e+00
37	2	25	13	1.05460000000000e+02	1.56454097391225e+03	3.00000000000000e-02	0.00000000000000e+00	0.00000000000000e+00	8.22605321233340e+01	8.28134341742797e+00
38	4	26	14	8.17500000000000e+01	1.56886789050698e+03	3.00000000000000e-02	0.00000000000000e+00	0.00000000000000e+00	7.74362744106039e+01	1.80701591111783e+00
39	3	27	15	1.08490000000000e+02	1.56544877075889e+03	3.00000000000000e-02	0.00000000000000e+00	0.00000000000000e+00	8.08532599992148e+01	9.80073653502229e+00
40	1	28	16	8.39900000000000e+01	1.56208659484009e+03	3.00000000000000e-02	0.00000000000000e+00	0.00000000000000e+00	8.61414078636969e+01	-8.43082641887349e-01
41	5	29	17	9.08900000000000e+01	1.54663917027802e+03	3.00000000000000e-02	0.00000000000000e+00	0.00000000000000e+00	9.39789863725108e+01	-1.11404079732879e+00
42	6	30	18	9.68500000000000e+01	1.54651838102244e+03	3.00000000000000e-02	0.00000000000000e+00	0.00000000000000e+00	9.80579695243568e+01	-4.13181323130315e-01
43	7	31	19	1.01880000000000e+02	1.54941473250314e+03	3.00000000000000e-02	0.00000000000000e+00	0.00000000000000e+00	1.03565590895568e+02	-5.46983011089412e-01
40	2	27	14	8.66900000000000e+01	1.69182588516933e+03	3.00000000000000e-02	0.00000000000000e+00	0.00000000000000e+00	8.68332028411890e+01	-5.50177618340975e-02
41	4	28	15	7.15000000000000e+01	1.70254217004056e+03	3.00000000000000e-02	0.00000000000000e+00	0.00000000000000e+00	8.89407263419196e+01	-7.27575673333378e+00
42	3	29	16	9.55200000000000e+01	1.69199544041132e+03	3.00000000000000e-02	0.00000000000000e+00	0.00000000000000e+00	1.00024463300345e+02	-1.53597131431571e+00
43	1	30	17	9.76900000000000e+01	1.69048956494683e+03	3.00000000000000e-02	0.00000000000000e+00	0.00000000000000e+00	1.01472088201270e+02	-1.26615226361730e+00
43	2	29	15	1.25590000000000e+02	1.83645143965068e+03	3.00000000000000e-02	0.00000000000000e+00	0.00000000000000e+00	1.01717438293775e+02	7.02746255641413e+00
0
