43
# x y z
390	989.2093	0
420	980.4871	0
400	987.414	0
410	982.292	0
380	994.4391	0
370	995.7553	0
360	994.451	0
350	996.5297	0
340	998	0
330	1000.4421	0
320	1003.1944	0
310	1007.9966	0
300	1012.1914	0
290	1016.0897	0
280	1021.3199	0
270	1023	0
260	1022.7144	0
250	1023.9769	0
240	1023	0
230	1019.8127	0
220	1018.0792	0
210	1017.6209	0
200	1014	0
190	1008.9312	0
180	1006.0978	0
170	1004	0
160	1002.5736	0
150	1000.07	0
140	999.0836	0
130	997.9098	0
120	995.0459	0
110	994.3781	0
100	993.4465	0
90	991.2596	0
80	991.5651	0
70	991.5154	0
60	990.3394	0
50	989.6807	0
40	991	0
30	991.2821	0
20	988.0058	0
10	985.4299	0
0	979.5214	0
287
# a b m n rhoa k err ip iperr response residual
1	2	3	4	7.68200000000000e+01	1.22794825845005e+02	3.00000000000000e-02	0.00000000000000e+00	0.00000000000000e+00	7.75727607142903e+01	-3.25044030860155e-01
5	4	1	3	8.61800000000000e+01	1.51056983745086e+02	3.00000000000000e-02	0.00000000000000e+00	0.00000000000000e+00	9.24012313287908e+01	-2.32340574801064e+00
6	3	5	1	5.87200000000000e+01	1.22148945063096e+02	3.00000000000000e-02	0.00000000000000e+00	0.00000000000000e+00	6.15349903908178e+01	-1.56085260533440e+00
7	1	6	5	6.92800000000000e+01	1.39233352640493e+02	3.00000000000000e-02	0.00000000000000e+00	0.00000000000000e+00	6.50622869195542e+01	2.09370642986701e+00
8	5	7	6	5.38600000000000e+01	1.29430818532193e+02	3.00000000000000e-02	0.00000000000000e+00	0.00000000000000e+00	5.21770341414717e+01	1.05818827602813e+00
9	6	8	7	3.84400000000000e+01	1.27057527055971e+02	3.00000000000000e-02	0.00000000000000e+00	0.00000000000000e+00	3.88166545421646e+01	-3.25027040236832e-01
10	7	9	8	2.95600000000000e+01	1.29883024260908e+02	3.00000000000000e-02	0.00000000000000e+00	0.00000000000000e+00	3.11808714089806e+01	-1.77942382831019e+00
11	8	10	9	2.96900000000000e+01	1.28376455637631e+02	3.00000000000000e-02	0.00000000000000e+00	0.00000000000000e+00	2.99372228947978e+01	-2.76411007632049e-01
12	9	11	10	3.05800000000000e+01	1.36411694311053e+02	3.00000000000000e-02	0.00000000000000e+00	0.00000000000000e+00	3.62561652216266e+01	-5.67544138059984e+00
13	10	12	11	3.84500000000000e+01	1.30549949962852e+02	3.00000000000000e-02	0.00000000000000e+00	0.00000000000000e+00	3.85455410852719e+01	-8.27243872061937e-02
14	11	13	12	6.16700000000000e+01	1.37536194784139e+02	3.00000000000000e-02	0.00000000000000e+00	0.00000000000000e+00	6.09336907025786e+01	4.00378458223057e-01
15	12	14	13	8.48800000000000e+01	1.41207651731264e+02	3.00000000000000e-02	0.00000000000000e+00	0.00000000000000e+00	8.62163214738162e+01	-5.20700322812277e-01
16	13	15	14	7.55900000000000e+01	1.26876647254927e+02	3.00000000000000e-02	0.00000000000000e+00	0.00000000000000e+00	8.06467305228145e+01	-2.15847551202154e+00
17	14	16	15	1.12440000000000e+02	1.37437057189505e+02	3.00000000000000e-02	0.00000000000000e+00	0.00000000000000e+00	9.97017307357949e+01	4.00789032616512e+00
18	15	17	16	1.02750000000000e+02	1.28213949831156e+02	3.00000000000000e-02	0.00000000000000e+00	0.00000000000000e+00	1.09383889946129e+02	-2.08549225019672e+00
19	16	18	17	1.22200000000000e+02	1.26231578650453e+02	3.00000000000000e-02	0.00000000000000e+00	0.00000000000000e+00	1.20888647107375e+02	3.59639889691188e-01
20	17	19	18	1.07070000000000e+02	1.31523290377230e+02	3.00000000000000e-02	0.00000000000000e+00	0.00000000000000e+00	1.07881529823967e+02	-2.51695093132446e-01
21	18	20	19	9.19400000000000e+01	1.24970700779354e+02	3.00000000000000e-02	0.00000000000000e+00	0.00000000000000e+00	9.07597986225332e+01	4.30658308661810e-01
22	19	21	20	7.85400000000000e+01	1.29659549247822e+02	3.00000000000000e-02	0.00000000000000e+00	0.00000000000000e+00	7.99518600722371e+01	-5.93888510110989e-01
23	20	22	21	6.51500000000000e+01	1.33880322827176e+02	3.00000000000000e-02	0.00000000000000e+00	0.00000000000000e+00	6.29945636130320e+01	1.12146242531039e+00
24	21	23	22	3.48400000000000e+01	1.33342596649193e+02	3.00000000000000e-02	0.00000000000000e+00	0.00000000000000e+00	4.10010208768686e+01	-5.42769379486126e+00
25	22	24	23	4.54900000000000e+01	1.28387862454627e+02	3.00000000000000e-02	0.00000000000000e+00	0.00000000000000e+00	4.65424852532332e+01	-7.62434507892425e-01
26	23	25	24	5.61400000000000e+01	1.36564815493406e+02	3.00000000000000e-02	0.00000000000000e+00	0.00000000000000e+00	5.17430689067942e+01	2.71860273088222e+00
27	24	26	25	3.89800000000000e+01	1.28987766498500e+02	3.00000000000000e-02	0.00000000000000e+00	0.00000000000000e+00	3.73268711656202e+01	1.44450734043060e+00
28	25	27	26	3.52400000000000e+01	1.30123568750067e+02	3.00000000000000e-02	0.00000000000000e+00	0.00000000000000e+00	3.91270959881086e+01	-3.48778059794948e+00
29	26	28	27	4.86300000000000e+01	1.25415948591769e+02	3.00000000000000e-02	0.00000000000000e+00	0.00000000000000e+00	4.40205741977391e+01	3.31945014609780e+00
30	27	29	28	4.05300000000000e+01	1.29074329721137e+02	3.00000000000000e-02	0.00000000000000e+00	0.00000000000000e+00	4.35627239416844e+01	-2.40531295219834e+00
31	28	30	29	4.97200000000000e+01	1.29643468904902e+02	3.00000000000000e-02	0.00000000000000e+00	0.00000000000000e+00	4.20418612003552e+01	5.59138164945015e+00
32	29	31	30	4.01200000000000e+01	1.24608841898874e+02	3.00000000000000e-02	0.00000000000000e+00	0.00000000000000e+00	4.51457311229888e+01	-3.93402545094100e+00
33	30	32	31	3.05300000000000e+01	1.30052962031104e+02	3.00000000000000e-02	0.00000000000000e+00	0.00000000000000e+00	3.38871837171202e+01	-3.47756915714970e+00
34	31	33	32	3.76300000000000e+01	1.27934416607326e+02	3.00000000000000e-02	0.00000000000000e+00	0.00000000000000e+00	3.64407881738264e+01	1.07043010296426e+00
35	32	34	33	3.15300000000000e+01	1.25239150617763e+02	3.00000000000000e-02	0.00000000000000e+00	0.00000000000000e+00	3.06267236049739e+01	9.68884176568426e-01
36	33	35	34	3.18800000000000e+01	1.28341042537214e+02	3.00000000000000e-02	0.00000000000000e+00	0.00000000000000e+00	3.41788409686653e+01	-2.32093045183937e+00
37	34	36	35	2.92400000000000e+01	1.26464567796497e+02	3.00000000000000e-02	0.00000000000000e+00	0.00000000000000e+00	3.06915650609476e+01	-1.61500760815983e+00
38	35	37	36	3.70600000000000e+01	1.25556654708300e+02	3.00000000000000e-02	0.00000000000000e+00	0.00000000000000e+00	3.75396266846338e+01	-4.28628859423489e-01
39	36	38	37	4.52900000000000e+01	1.27328036536700e+02	3.00000000000000e-02	0.00000000000000e+00	0.00000000000000e+00	4.21948906152450e+01	2.35957064415036e+00
40	37	39	38	5.35300000000000e+01	1.25750727217077e+02	3.00000000000000e-02	0.00000000000000e+00	0.00000000000000e+00	5.44876502237889e+01	-5.91061006252103e-01
41	38	40	39	4.50600000000000e+01	1.32443172304244e+02	3.00000000000000e-02	0.00000000000000e+00	0.00000000000000e+00	4.83793838501736e+01	-2.36929448219043e+00
42	39	41	40	8.09300000000000e+01	1.26470098716429e+02	3.00000000000000e-02	0.00000000000000e+00	0.00000000000000e+00	7.99053064441461e+01	4.24743979062618e-01
43	40	42	41	1.16810000000000e+02	1.44263074671729e+02	3.00000000000000e-02	0.00000000000000e+00	0.00000000000000e+00	1.14003612536251e+02	8.10618212023772e-01
7	2	5	3	8.40700000000000e+01	2.56354417626246e+02	3.00000000000000e-02	0.00000000000000e+00	0.00000000000000e+00	8.26917726397983e+01	5.50989082345025e-01
8	4	6	1	6.73300000000000e+01	2.56819225980159e+02	3.00000000000000e-02	0.00000000000000e+00	0.00000000000000e+00	5.69618843936921e+01	5.57411844154219e+00
9	3	7	5	5.05900000000000e+01	2.68042098811709e+02	3.00000000000000e-02	0.00000000000000e+00	0.00000000000000e+00	5.20476382776942e+01	-9.46849720666520e-01
10	1	8	6	6.31300000000000e+01	2.66418147239791e+02	3.00000000000000e-02	0.00000000000000e+00	0.00000000000000e+00	5.86023200907250e+01	2.48072681961388e+00
11	5	9	7	4.37500000000000e+01	2.56092212952135e+02	3.00000000000000e-02	0.00000000000000e+00	0.00000000000000e+00	4.50837143964725e+01	-1.00098228787570e+00
12	6	10	8	4.10100000000000e+01	2.62482935127953e+02	3.00000000000000e-02	0.00000000000000e+00	0.00000000000000e+00	4.20448194927097e+01	-8.30674689296673e-01
13	7	11	9	5.34400000000000e+01	2.68252672995327e+02	3.00000000000000e-02	0.00000000000000e+00	0.00000000000000e+00	5.04620230875727e+01	1.91128313074578e+00
14	8	12	10	4.56700000000000e+01	2.61226872877831e+02	3.00000000000000e-02	0.00000000000000e+00	0.00000000000000e+00	4.64829139324384e+01	-5.88105851992745e-01
15	9	13	11	5.81700000000000e+01	2.64286062137939e+02	3.00000000000000e-02	0.00000000000000e+00	0.00000000000000e+00	5.19977157871396e+01	3.73899891588208e+00
16	10	14	12	7.06800000000000e+01	2.65428626785872e+02	3.00000000000000e-02	0.00000000000000e+00	0.00000000000000e+00	7.18565676774767e+01	-5.50312302416630e-01
17	11	15	13	7.23300000000000e+01	2.58944835042227e+02	3.00000000000000e-02	0.00000000000000e+00	0.00000000000000e+00	6.93679607418883e+01	1.39379602420953e+00
18	12	16	14	5.14300000000000e+01	2.59880660203962e+02	3.00000000000000e-02	0.00000000000000e+00	0.00000000000000e+00	4.91671394874291e+01	1.49987186759426e+00
19	13	17	15	7.73300000000000e+01	2.71260870656006e+02	3.00000000000000e-02	0.00000000000000e+00	0.00000000000000e+00	7.78858685864269e+01	-2.38751775371930e-01
20	14	18	16	1.03230000000000e+02	2.68740401139809e+02	3.00000000000000e-02	0.00000000000000e+00	0.00000000000000e+00	1.00278417762960e+02	9.66967116778150e-01
21	15	19	17	7.81400000000000e+01	2.58464798954982e+02	3.00000000000000e-02	0.00000000000000e+00	0.00000000000000e+00	7.08005115945583e+01	3.28786210138391e+00
22	16	20	18	5.30400000000000e+01	2.51167735091783e+02	3.00000000000000e-02	0.00000000000000e+00	0.00000000000000e+00	5.28838649054944e+01	9.82688259010859e-02
23	17	21	19	6.44600000000000e+01	2.52527620164609e+02	3.00000000000000e-02	0.00000000000000e+00	0.00000000000000e+00	6.17713920664122e+01	1.42015102156673e+00
24	18	22	20	7.58700000000000e+01	2.73209795682521e+02	3.00000000000000e-02	0.00000000000000e+00	0.00000000000000e+00	7.22954432050930e+01	1.60867494601492e+00
25	19	23	21	4.31800000000000e+01	2.69000446748655e+02	3.00000000000000e-02	0.00000000000000e+00	0.00000000000000e+00	4.78351866734303e+01	-3.41280221601017e+00
26	20	24	22	4.25900000000000e+01	2.49036731303800e+02	3.00000000000000e-02	0.00000000000000e+00	0.00000000000000e+00	4.15750174883780e+01	8.04001273657503e-01
27	21	25	23	4.20100000000000e+01	2.50098158096370e+02	3.00000000000000e-02	0.00000000000000e+00	0.00000000000000e+00	4.50763131132070e+01	-2.34830717414522e+00
28	22	26	24	4.63200000000000e+01	2.68244858874346e+02	3.00000000000000e-02	0.00000000000000e+00	0.00000000000000e+00	5.19958652356493e+01	-3.85301224853912e+00
29	23	27	25	4.41600000000000e+01	2.66830403086688e+02	3.00000000000000e-02	0.00000000000000e+00	0.00000000000000e+00	4.27609423850659e+01	1.07314257050164e+00
30	24	28	26	4.28200000000000e+01	2.55758296803953e+02	3.00000000000000e-02	0.00000000000000e+00	0.00000000000000e+00	4.25804336148048e+01	1.87014673858954e-01
31	25	29	27	5.50800000000000e+01	2.56144334099348e+02	3.00000000000000e-02	0.00000000000000e+00	0.00000000000000e+00	5.42678460748588e+01	4.95159187669995e-01
32	26	30	28	5.47500000000000e+01	2.57326719256680e+02	3.00000000000000e-02	0.00000000000000e+00	0.00000000000000e+00	5.35960091379166e+01	7.10091992467365e-01
33	27	31	29	4.74300000000000e+01	2.52475446881841e+02	3.00000000000000e-02	0.00000000000000e+00	0.00000000000000e+00	5.06747329735152e+01	-2.20574943472660e+00
34	28	32	30	6.02300000000000e+01	2.52834732741253e+02	3.00000000000000e-02	0.00000000000000e+00	0.00000000000000e+00	5.08079773620420e+01	5.67057300379942e+00
35	29	33	31	4.96000000000000e+01	2.55776326458431e+02	3.00000000000000e-02	0.00000000000000e+00	0.00000000000000e+00	4.95215070676634e+01	5.27924100873397e-02
36	30	34	32	4.91400000000000e+01	2.53167592379199e+02	3.00000000000000e-02	0.00000000000000e+00	0.00000000000000e+00	4.91921235127848e+01	-3.53384128568261e-02
37	31	35	33	5.25000000000000e+01	2.51747274648917e+02	3.00000000000000e-02	0.00000000000000e+00	0.00000000000000e+00	5.18994059411732e+01	3.83527523713756e-01
38	32	36	34	4.62700000000000e+01	2.55013015400977e+02	3.00000000000000e-02	0.00000000000000e+00	0.00000000000000e+00	4.71905649484277e+01	-6.56672484349041e-01
39	33	37	35	4.83300000000000e+01	2.52181257616441e+02	3.00000000000000e-02	0.00000000000000e+00	0.00000000000000e+00	4.68058645357901e+01	1.06813267301010e+00
40	34	38	36	5.74400000000000e+01	2.52051152355665e+02	3.00000000000000e-02	0.00000000000000e+00	0.00000000000000e+00	6.14371832510635e+01	-2.24247725084847e+00
41	35	39	37	7.27000000000000e+01	2.54378060686481e+02	3.00000000000000e-02	0.00000000000000e+00	0.00000000000000e+00	7.39050231825024e+01	-5.47980460142335e-01
42	36	40	38	8.08900000000000e+01	2.62240230663211e+02	3.00000000000000e-02	0.00000000000000e+00	0.00000000000000e+00	7.57586909408144e+01	2.18456791098811e+00
43	37	41	39	8.55800000000000e+01	2.67286189949269e+02	3.00000000000000e-02	0.00000000000000e+00	0.00000000000000e+00	8.66542634930526e+01	-4.15820252510842e-01
10	2	7	1	6.27400000000000e+01	3.91703642169772e+02	3.00000000000000e-02	0.00000000000000e+00	0.00000000000000e+00	6.80607932880367e+01	-2.71340406527951e+00
11	4	8	5	5.24900000000000e+01	4.08945497167709e+02	3.00000000000000e-02	0.00000000000000e+00	0.00000000000000e+00	5.77207725665781e+01	-3.16648144270792e+00
12	3	9	6	6.31500000000000e+01	4.05421156225640e+02	3.00000000000000e-02	0.00000000000000e+00	0.00000000000000e+00	5.51551306391504e+01	4.51210255985917e+00
13	1	10	7	5.32000000000000e+01	3.98813564228390e+02	3.00000000000000e-02	0.00000000000000e+00	0.00000000000000e+00	5.81885842964291e+01	-2.98769310137210e+00
14	5	11	8	5.95100000000000e+01	3.98436623816644e+02	3.00000000000000e-02	0.00000000000000e+00	0.00000000000000e+00	5.90681816889159e+01	2.48398904065006e-01
15	6	12	9	5.27100000000000e+01	3.94670850734579e+02	3.00000000000000e-02	0.00000000000000e+00	0.00000000000000e+00	5.64036872564311e+01	-2.25764474623327e+00
16	7	13	10	6.50700000000000e+01	3.87072782424081e+02	3.00000000000000e-02	0.00000000000000e+00	0.00000000000000e+00	6.42706964622555e+01	4.11993922539396e-01
17	8	14	11	6.08800000000000e+01	3.76298416183341e+02	3.00000000000000e-02	0.00000000000000e+00	0.00000000000000e+00	6.38926508523436e+01	-1.60998770268058e+00
18	9	15	12	6.07800000000000e+01	3.78644216360592e+02	3.00000000000000e-02	0.00000000000000e+00	0.00000000000000e+00	5.36185004864342e+01	4.17888735454427e+00
19	10	16	13	4.80500000000000e+01	3.88229682752900e+02	3.00000000000000e-02	0.00000000000000e+00	0.00000000000000e+00	5.09273234542169e+01	-1.93858168924065e+00
20	11	17	14	5.02000000000000e+01	4.01235327912901e+02	3.00000000000000e-02	0.00000000000000e+00	0.00000000000000e+00	5.45199012820712e+01	-2.75169231517777e+00
21	12	18	15	5.12400000000000e+01	4.13039391647375e+02	3.00000000000000e-02	0.00000000000000e+00	0.00000000000000e+00	5.01680781536208e+01	7.04718198364892e-01
22	13	19	16	5.73100000000000e+01	4.03185424728193e+02	3.00000000000000e-02	0.00000000000000e+00	0.00000000000000e+00	5.56464549479888e+01	9.81891850430087e-01
23	14	20	17	4.88000000000000e+01	3.90916250857206e+02	3.00000000000000e-02	0.00000000000000e+00	0.00000000000000e+00	5.58864271083225e+01	-4.51970770568915e+00
24	15	21	18	5.26800000000000e+01	3.89303921240956e+02	3.00000000000000e-02	0.00000000000000e+00	0.00000000000000e+00	4.88083740441787e+01	2.54446598238309e+00
25	16	22	19	4.46500000000000e+01	3.95067560467496e+02	3.00000000000000e-02	0.00000000000000e+00	0.00000000000000e+00	4.78646282015316e+01	-2.31741577992353e+00
26	17	23	20	5.80000000000000e+01	3.90361341336516e+02	3.00000000000000e-02	0.00000000000000e+00	0.00000000000000e+00	5.65666794412878e+01	8.34096704711780e-01
27	18	24	21	4.98600000000000e+01	3.80636235292701e+02	3.00000000000000e-02	0.00000000000000e+00	0.00000000000000e+00	4.87386944822725e+01	7.58193853411197e-01
28	19	25	22	6.22500000000000e+01	3.75653443935052e+02	3.00000000000000e-02	0.00000000000000e+00	0.00000000000000e+00	5.70248534451001e+01	2.92237790630215e+00
29	20	26	23	5.01100000000000e+01	3.77040816258234e+02	3.00000000000000e-02	0.00000000000000e+00	0.00000000000000e+00	5.45259951202825e+01	-2.81523245551273e+00
30	21	27	24	5.70800000000000e+01	3.89135634019527e+02	3.00000000000000e-02	0.00000000000000e+00	0.00000000000000e+00	5.33706720042948e+01	2.23974703060434e+00
31	22	28	25	3.96600000000000e+01	3.97601295827321e+02	3.00000000000000e-02	0.00000000000000e+00	0.00000000000000e+00	4.83507423433194e+01	-6.60461507409219e+00
32	23	29	26	5.49800000000000e+01	3.93644889400686e+02	3.00000000000000e-02	0.00000000000000e+00	0.00000000000000e+00	5.29584966902550e+01	1.24869857564183e+00
33	24	30	27	4.79300000000000e+01	3.84170414871651e+02	3.00000000000000e-02	0.00000000000000e+00	0.00000000000000e+00	5.14596164473627e+01	-2.36852467470657e+00
34	25	31	28	6.55300000000000e+01	3.82296270544133e+02	3.00000000000000e-02	0.00000000000000e+00	0.00000000000000e+00	6.47995066820304e+01	3.73668755126152e-01
35	26	32	29	5.73400000000000e+01	3.79775899879674e+02	3.00000000000000e-02	0.00000000000000e+00	0.00000000000000e+00	6.19379425640297e+01	-2.57114989806405e+00
36	27	33	30	6.76500000000000e+01	3.79046277595688e+02	3.00000000000000e-02	0.00000000000000e+00	0.00000000000000e+00	6.17133682795345e+01	3.06155937931249e+00
37	28	34	31	6.39300000000000e+01	3.79785697291768e+02	3.00000000000000e-02	0.00000000000000e+00	0.00000000000000e+00	6.14691904706615e+01	1.30842178164192e+00
38	29	35	32	6.75500000000000e+01	3.80272772703458e+02	3.00000000000000e-02	0.00000000000000e+00	0.00000000000000e+00	6.45660727095376e+01	1.50596606110650e+00
39	30	36	33	5.95200000000000e+01	3.79952211676252e+02	3.00000000000000e-02	0.00000000000000e+00	0.00000000000000e+00	5.87973483354894e+01	4.07187765744658e-01
40	31	37	34	6.84000000000000e+01	3.79580727988900e+02	3.00000000000000e-02	0.00000000000000e+00	0.00000000000000e+00	6.60425526270581e+01	1.16911845273110e+00
41	32	38	35	7.26900000000000e+01	3.78318605974012e+02	3.00000000000000e-02	0.00000000000000e+00	0.00000000000000e+00	7.11062240907272e+01	7.34298352159287e-01
42	33	39	36	8.73000000000000e+01	3.83078666120171e+02	3.00000000000000e-02	0.00000000000000e+00	0.00000000000000e+00	8.97753702169087e+01	-9.32006702962370e-01
43	34	40	37	9.42000000000000e+01	4.01699714589643e+02	3.00000000000000e-02	0.00000000000000e+00	0.00000000000000e+00	9.34464021013685e+01	2.67738306994788e-01
13	2	9	5	6.57300000000000e+01	5.52294989506658e+02	3.00000000000000e-02	0.00000000000000e+00	0.00000000000000e+00	6.85308716291816e+01	-1.39096273948741e+00
14	4	10	6	6.07800000000000e+01	5.54279944242283e+02	3.00000000000000e-02	0.00000000000000e+00	0.00000000000000e+00	6.31070403667379e+01	-1.25238501949084e+00
15	3	11	7	7.29700000000000e+01	5.39779451236231e+02	3.00000000000000e-02	0.00000000000000e+00	0.00000000000000e+00	6.87608205454858e+01	1.98047612875986e+00
16	1	12	8	8.30600000000000e+01	5.24393176851146e+02	3.00000000000000e-02	0.00000000000000e+00	0.00000000000000e+00	6.97339814581348e+01	5.82918334634745e+00
17	5	13	9	6.42600000000000e+01	5.03998920322666e+02	3.00000000000000e-02	0.00000000000000e+00	0.00000000000000e+00	6.96354832466449e+01	-2.67789668341291e+00
18	6	14	10	7.20300000000000e+01	4.97639943884359e+02	3.00000000000000e-02	0.00000000000000e+00	0.00000000000000e+00	7.15195612307535e+01	2.37056765719620e-01
19	7	15	11	5.52900000000000e+01	4.94372842962735e+02	3.00000000000000e-02	0.00000000000000e+00	0.00000000000000e+00	5.84714520175156e+01	-1.86488583589250e+00
20	8	16	12	4.53000000000000e+01	5.08336306467281e+02	3.00000000000000e-02	0.00000000000000e+00	0.00000000000000e+00	5.21426390470894e+01	-4.68919964569610e+00
21	9	17	13	5.06800000000000e+01	5.23900425986462e+02	3.00000000000000e-02	0.00000000000000e+00	0.00000000000000e+00	4.81917727500737e+01	1.67810129326820e+00
22	10	18	14	4.52800000000000e+01	5.35120443621861e+02	3.00000000000000e-02	0.00000000000000e+00	0.00000000000000e+00	4.35314377426842e+01	1.31273500328891e+00
23	11	19	15	4.58400000000000e+01	5.56517814085809e+02	3.00000000000000e-02	0.00000000000000e+00	0.00000000000000e+00	4.42768404414545e+01	1.15651070630771e+00
24	12	20	16	4.57700000000000e+01	5.49841326444597e+02	3.00000000000000e-02	0.00000000000000e+00	0.00000000000000e+00	4.59174199954274e+01	-1.07190366625654e-01
25	13	21	17	4.78800000000000e+01	5.36529332323824e+02	3.00000000000000e-02	0.00000000000000e+00	0.00000000000000e+00	4.90614690870071e+01	-8.12536746424941e-01
26	14	22	18	4.71100000000000e+01	5.33183854246626e+02	3.00000000000000e-02	0.00000000000000e+00	0.00000000000000e+00	5.15338866897558e+01	-2.99180975168197e+00
27	15	23	19	5.69500000000000e+01	5.13802452883059e+02	3.00000000000000e-02	0.00000000000000e+00	0.00000000000000e+00	5.19471764702364e+01	3.06487749116033e+00
28	16	24	20	4.77900000000000e+01	5.05020201221914e+02	3.00000000000000e-02	0.00000000000000e+00	0.00000000000000e+00	5.17195031688857e+01	-2.63395116991375e+00
29	17	25	21	6.03700000000000e+01	5.01489300767359e+02	3.00000000000000e-02	0.00000000000000e+00	0.00000000000000e+00	5.87184625366716e+01	9.24603060114808e-01
30	18	26	22	6.71800000000000e+01	4.99826834324650e+02	3.00000000000000e-02	0.00000000000000e+00	0.00000000000000e+00	6.18176097871218e+01	2.77291040995988e+00
31	19	27	23	6.37600000000000e+01	5.09070971104262e+02	3.00000000000000e-02	0.00000000000000e+00	0.00000000000000e+00	5.68718256516126e+01	3.81086571624441e+00
32	20	28	24	4.96400000000000e+01	5.14160610502851e+02	3.00000000000000e-02	0.00000000000000e+00	0.00000000000000e+00	5.62701342217705e+01	-4.17889861408776e+00
33	21	29	25	5.96100000000000e+01	5.19350704497408e+02	3.00000000000000e-02	0.00000000000000e+00	0.00000000000000e+00	5.71855294147847e+01	1.38408203701671e+00
34	22	30	26	5.65400000000000e+01	5.26975575640278e+02	3.00000000000000e-02	0.00000000000000e+00	0.00000000000000e+00	5.87984715720893e+01	-1.30558362097816e+00
35	23	31	27	6.40200000000000e+01	5.15049396278788e+02	3.00000000000000e-02	0.00000000000000e+00	0.00000000000000e+00	6.34351172204614e+01	3.05930902260343e-01
36	24	32	28	7.00600000000000e+01	5.10458957602586e+02	3.00000000000000e-02	0.00000000000000e+00	0.00000000000000e+00	6.71870455277769e+01	1.39571879026583e+00
37	25	33	29	6.81800000000000e+01	5.07173574216007e+02	3.00000000000000e-02	0.00000000000000e+00	0.00000000000000e+00	7.10575264901325e+01	-1.37795048419947e+00
38	26	34	30	7.67900000000000e+01	5.04318634887652e+02	3.00000000000000e-02	0.00000000000000e+00	0.00000000000000e+00	7.36865550439520e+01	1.37513563193685e+00
39	27	35	31	7.28700000000000e+01	5.08770480677039e+02	3.00000000000000e-02	0.00000000000000e+00	0.00000000000000e+00	7.13520279757889e+01	7.01708841233521e-01
40	28	36	32	7.19600000000000e+01	5.06074421999772e+02	3.00000000000000e-02	0.00000000000000e+00	0.00000000000000e+00	7.01363974121808e+01	8.55617616802018e-01
41	29	37	33	8.13000000000000e+01	5.06374044492467e+02	3.00000000000000e-02	0.00000000000000e+00	0.00000000000000e+00	7.70754312613696e+01	1.77871491500703e+00
42	30	38	34	8.63800000000000e+01	5.10396538167678e+02	3.00000000000000e-02	0.00000000000000e+00	0.00000000000000e+00	8.79696003692025e+01	-6.07837897132087e-01
43	31	39	35	9.66200000000000e+01	5.21601783434247e+02	3.00000000000000e-02	0.00000000000000e+00	0.00000000000000e+00	9.68970706692233e+01	-9.54509620579636e-02
16	2	11	6	8.70700000000000e+01	6.85811747974325e+02	3.00000000000000e-02	0.00000000000000e+00	0.00000000000000e+00	8.33106803185297e+01	1.47118789260607e+00
17	4	12	7	7.76900000000000e+01	6.50682948182005e+02	3.00000000000000e-02	0.00000000000000e+00	0.00000000000000e+00	7.57090260527151e+01	8.60972037090857e-01
18	3	13	8	7.94600000000000e+01	6.34875653140362e+02	3.00000000000000e-02	0.00000000000000e+00	0.00000000000000e+00	7.48420103431672e+01	1.99581291534760e+00
19	1	14	9	9.16200000000000e+01	6.23578848427381e+02	3.00000000000000e-02	0.00000000000000e+00	0.00000000000000e+00	8.03092934770630e+01	4.39214132478435e+00
20	5	15	10	6.91200000000000e+01	6.16764582746268e+02	3.00000000000000e-02	0.00000000000000e+00	0.00000000000000e+00	7.39221743251385e+01	-2.23895723255690e+00
21	6	16	11	4.66100000000000e+01	6.23710855320080e+02	3.00000000000000e-02	0.00000000000000e+00	0.00000000000000e+00	5.66710786815520e+01	-6.51496313509513e+00
22	7	17	12	5.45500000000000e+01	6.40320622649192e+02	3.00000000000000e-02	0.00000000000000e+00	0.00000000000000e+00	5.34210897777745e+01	6.97070154079056e-01
23	8	18	13	4.60300000000000e+01	6.59368360637500e+02	3.00000000000000e-02	0.00000000000000e+00	0.00000000000000e+00	4.99388920207681e+01	-2.71689135227574e+00
24	9	19	14	4.13000000000000e+01	6.83535214668630e+02	3.00000000000000e-02	0.00000000000000e+00	0.00000000000000e+00	4.26011017101596e+01	-1.03392049049216e+00
25	10	20	15	3.90700000000000e+01	6.96562762604602e+02	3.00000000000000e-02	0.00000000000000e+00	0.00000000000000e+00	4.29586085348651e+01	-3.16273836082458e+00
26	11	21	16	5.08500000000000e+01	6.93075004634829e+02	3.00000000000000e-02	0.00000000000000e+00	0.00000000000000e+00	4.98625599412228e+01	6.53656771115108e-01
27	12	22	17	5.06500000000000e+01	6.76289001442538e+02	3.00000000000000e-02	0.00000000000000e+00	0.00000000000000e+00	4.92151834646593e+01	9.57901593350223e-01
28	13	23	18	5.54200000000000e+01	6.61059294294310e+02	3.00000000000000e-02	0.00000000000000e+00	0.00000000000000e+00	5.29330956755187e+01	1.53039230190631e+00
29	14	24	19	5.55400000000000e+01	6.36739878028932e+02	3.00000000000000e-02	0.00000000000000e+00	0.00000000000000e+00	5.59883062592931e+01	-2.67979008429868e-01
30	15	25	20	7.31700000000000e+01	6.25988161641482e+02	3.00000000000000e-02	0.00000000000000e+00	0.00000000000000e+00	6.31785989064213e+01	4.89399606626272e+00
31	16	26	21	6.11400000000000e+01	6.27610377860881e+02	3.00000000000000e-02	0.00000000000000e+00	0.00000000000000e+00	5.98514384362838e+01	7.10028357479923e-01
32	17	27	22	6.66400000000000e+01	6.25467461285241e+02	3.00000000000000e-02	0.00000000000000e+00	0.00000000000000e+00	6.01073678945751e+01	3.43908566372428e+00
33	18	28	23	5.13000000000000e+01	6.30841934662358e+02	3.00000000000000e-02	0.00000000000000e+00	0.00000000000000e+00	5.95608543679672e+01	-4.97692667321652e+00
34	19	29	24	7.33200000000000e+01	6.46425111723455e+02	3.00000000000000e-02	0.00000000000000e+00	0.00000000000000e+00	6.79460952818446e+01	2.53729162015617e+00
35	20	30	25	6.55400000000000e+01	6.45588997222732e+02	3.00000000000000e-02	0.00000000000000e+00	0.00000000000000e+00	6.52191789489185e+01	1.63568731169879e-01
36	21	31	26	7.75600000000000e+01	6.43279636563008e+02	3.00000000000000e-02	0.00000000000000e+00	0.00000000000000e+00	7.13329636507611e+01	2.78977621667013e+00
37	22	32	27	7.27600000000000e+01	6.47042617386717e+02	3.00000000000000e-02	0.00000000000000e+00	0.00000000000000e+00	7.32162336996112e+01	-2.08360486073792e-01
38	23	33	28	7.51300000000000e+01	6.45453573682526e+02	3.00000000000000e-02	0.00000000000000e+00	0.00000000000000e+00	7.49863463891129e+01	6.37965854231778e-02
39	24	34	29	6.91100000000000e+01	6.34382257096933e+02	3.00000000000000e-02	0.00000000000000e+00	0.00000000000000e+00	7.31711561059977e+01	-1.90339543137057e+00
40	25	35	30	8.21700000000000e+01	6.32633165872093e+02	3.00000000000000e-02	0.00000000000000e+00	0.00000000000000e+00	8.30718762247537e+01	-3.63864657394863e-01
41	26	36	31	7.86200000000000e+01	6.36581044316217e+02	3.00000000000000e-02	0.00000000000000e+00	0.00000000000000e+00	8.13470292773635e+01	-1.13660650697929e+00
42	27	37	32	8.92100000000000e+01	6.36088805483486e+02	3.00000000000000e-02	0.00000000000000e+00	0.00000000000000e+00	8.64609963806134e+01	1.04332458574955e+00
43	28	38	33	8.99400000000000e+01	6.41914580911268e+02	3.00000000000000e-02	0.00000000000000e+00	0.00000000000000e+00	9.12483932375711e+01	-4.81420086987505e-01
19	2	13	7	9.25400000000000e+01	7.62843085214108e+02	3.00000000000000e-02	0.00000000000000e+00	0.00000000000000e+00	8.60429006501913e+01	2.42649889457895e+00
20	4	14	8	9.21200000000000e+01	7.54713762223347e+02	3.00000000000000e-02	0.00000000000000e+00	0.00000000000000e+00	8.55582986872573e+01	2.46313584588783e+00
21	3	15	9	8.73800000000000e+01	7.47169644885185e+02	3.00000000000000e-02	0.00000000000000e+00	0.00000000000000e+00	7.83933412534491e+01	3.61758109218862e+00
22	1	16	10	8.03500000000000e+01	7.51891999468059e+02	3.00000000000000e-02	0.00000000000000e+00	0.00000000000000e+00	7.41043672637972e+01	2.69725413950204e+00
23	5	17	11	7.05900000000000e+01	7.58103377031321e+02	3.00000000000000e-02	0.00000000000000e+00	0.00000000000000e+00	6.18919153459650e+01	4.38329761837061e+00
24	6	18	12	6.06600000000000e+01	7.82821536351673e+02	3.00000000000000e-02	0.00000000000000e+00	0.00000000000000e+00	5.84624808344698e+01	1.22997690115098e+00
25	7	19	13	4.90500000000000e+01	8.05710401697022e+02	3.00000000000000e-02	0.00000000000000e+00	0.00000000000000e+00	5.32870861400588e+01	-2.76179431671739e+00
26	8	20	14	4.37800000000000e+01	8.11180475236524e+02	3.00000000000000e-02	0.00000000000000e+00	0.00000000000000e+00	4.58336176586057e+01	-1.52802465950154e+00
27	9	21	15	4.30700000000000e+01	8.25654582208458e+02	3.00000000000000e-02	0.00000000000000e+00	0.00000000000000e+00	4.68482460897756e+01	-2.80289573999791e+00
28	10	22	16	5.09500000000000e+01	8.28713386481915e+02	3.00000000000000e-02	0.00000000000000e+00	0.00000000000000e+00	5.09584245208403e+01	-5.51117070650697e-03
29	11	23	17	4.91500000000000e+01	8.08199475967697e+02	3.00000000000000e-02	0.00000000000000e+00	0.00000000000000e+00	5.41304362474393e+01	-3.21732578125366e+00
30	12	24	18	5.99800000000000e+01	7.84296064493666e+02	3.00000000000000e-02	0.00000000000000e+00	0.00000000000000e+00	5.30128654857178e+01	4.11588480710002e+00
31	13	25	19	6.75300000000000e+01	7.68288964937580e+02	3.00000000000000e-02	0.00000000000000e+00	0.00000000000000e+00	6.21281917769486e+01	2.77906945994566e+00
32	14	26	20	6.71700000000000e+01	7.54787379736357e+02	3.00000000000000e-02	0.00000000000000e+00	0.00000000000000e+00	6.64202979879132e+01	3.74133897393018e-01
33	15	27	21	7.64400000000000e+01	7.51381917947545e+02	3.00000000000000e-02	0.00000000000000e+00	0.00000000000000e+00	6.29707202185622e+01	6.46120864832455e+00
34	16	28	22	5.71600000000000e+01	7.49475676079162e+02	3.00000000000000e-02	0.00000000000000e+00	0.00000000000000e+00	6.38054997302171e+01	-3.66616787472740e+00
35	17	29	23	7.77400000000000e+01	7.54072738701646e+02	3.00000000000000e-02	0.00000000000000e+00	0.00000000000000e+00	7.00657451884483e+01	3.46453023950583e+00
36	18	30	24	7.48700000000000e+01	7.68584448248097e+02	3.00000000000000e-02	0.00000000000000e+00	0.00000000000000e+00	7.67289515286147e+01	-8.17527514263420e-01
37	19	31	25	8.09800000000000e+01	7.71847104824981e+02	3.00000000000000e-02	0.00000000000000e+00	0.00000000000000e+00	7.95606835142224e+01	5.89405515862692e-01
38	20	32	26	8.16100000000000e+01	7.70623926525202e+02	3.00000000000000e-02	0.00000000000000e+00	0.00000000000000e+00	7.91617759067183e+01	1.01527495344354e+00
39	21	33	27	7.55600000000000e+01	7.69394565968194e+02	3.00000000000000e-02	0.00000000000000e+00	0.00000000000000e+00	7.92083744154910e+01	-1.57183293888596e+00
40	22	34	28	8.88500000000000e+01	7.75028053121956e+02	3.00000000000000e-02	0.00000000000000e+00	0.00000000000000e+00	8.47194583843470e+01	1.58680821120415e+00
41	23	35	29	8.29900000000000e+01	7.69823888507786e+02	3.00000000000000e-02	0.00000000000000e+00	0.00000000000000e+00	8.64851543819686e+01	-1.37508849853768e+00
42	24	36	30	8.71800000000000e+01	7.64385233688151e+02	3.00000000000000e-02	0.00000000000000e+00	0.00000000000000e+00	8.74664724243681e+01	-1.09353361037486e-01
43	25	37	31	9.04600000000000e+01	7.72475112241418e+02	3.00000000000000e-02	0.00000000000000e+00	0.00000000000000e+00	9.07457737345125e+01	-1.05137919741101e-01
22	2	15	8	7.33100000000000e+01	8.80475971250092e+02	3.00000000000000e-02	0.00000000000000e+00	0.00000000000000e+00	8.81236938125741e+01	-6.13481379340385e+00
23	4	16	9	5.61500000000000e+01	8.87787768499947e+02	3.00000000000000e-02	0.00000000000000e+00	0.00000000000000e+00	8.02859490408552e+01	-1.19189314548689e+01
24	3	17	10	8.14900000000000e+01	8.97136403151319e+02	3.00000000000000e-02	0.00000000000000e+00	0.00000000000000e+00	7.83548158711350e+01	1.30776267636617e+00
25	1	18	11	7.08600000000000e+01	9.12027197744928e+02	3.00000000000000e-02	0.00000000000000e+00	0.00000000000000e+00	6.88778532074880e+01	9.45713564741032e-01
26	5	19	12	6.34300000000000e+01	9.18921238596363e+02	3.00000000000000e-02	0.00000000000000e+00	0.00000000000000e+00	6.25474923344677e+01	4.67026337086344e-01
27	6	20	13	6.30000000000000e+01	9.22993031788363e+02	3.00000000000000e-02	0.00000000000000e+00	0.00000000000000e+00	5.73631664505432e+01	3.12441095037084e+00
28	7	21	14	5.74300000000000e+01	9.41608079344396e+02	3.00000000000000e-02	0.00000000000000e+00	0.00000000000000e+00	5.15729646379712e+01	3.58564069394636e+00
29	8	22	15	4.31800000000000e+01	9.54885744583607e+02	3.00000000000000e-02	0.00000000000000e+00	0.00000000000000e+00	5.04208790023217e+01	-5.16759767084361e+00
30	9	23	16	5.68100000000000e+01	9.48378034086432e+02	3.00000000000000e-02	0.00000000000000e+00	0.00000000000000e+00	5.26524717485340e+01	2.53330607667492e+00
31	10	24	17	4.98800000000000e+01	9.31485932556985e+02	3.00000000000000e-02	0.00000000000000e+00	0.00000000000000e+00	5.21142185499794e+01	-1.46058998478081e+00
32	11	25	18	6.39600000000000e+01	9.20166670719620e+02	3.00000000000000e-02	0.00000000000000e+00	0.00000000000000e+00	6.11520934892082e+01	1.49645970361864e+00
33	12	26	19	6.24900000000000e+01	8.99679115010739e+02	3.00000000000000e-02	0.00000000000000e+00	0.00000000000000e+00	6.47134495547243e+01	-1.16541705384439e+00
34	13	27	20	7.29300000000000e+01	8.86108614922117e+02	3.00000000000000e-02	0.00000000000000e+00	0.00000000000000e+00	6.82858356795157e+01	2.19325719426952e+00
35	14	28	21	6.11700000000000e+01	8.75789471673566e+02	3.00000000000000e-02	0.00000000000000e+00	0.00000000000000e+00	6.97859253972147e+01	-4.39251581025604e+00
36	15	29	22	8.98100000000000e+01	8.73002667234879e+02	3.00000000000000e-02	0.00000000000000e+00	0.00000000000000e+00	7.75190162767789e+01	4.90576833696326e+00
37	16	30	23	7.81600000000000e+01	8.78762294934292e+02	3.00000000000000e-02	0.00000000000000e+00	0.00000000000000e+00	7.91878793738426e+01	-4.35508038841774e-01
38	17	31	24	8.36800000000000e+01	8.86276088563817e+02	3.00000000000000e-02	0.00000000000000e+00	0.00000000000000e+00	8.68922745977872e+01	-1.25563760308379e+00
39	18	32	25	8.40400000000000e+01	8.96169641938545e+02	3.00000000000000e-02	0.00000000000000e+00	0.00000000000000e+00	8.59991055432512e+01	-7.68133985425064e-01
40	19	33	26	8.67200000000000e+01	8.99830840555750e+02	3.00000000000000e-02	0.00000000000000e+00	0.00000000000000e+00	8.78625594021259e+01	-4.36307696366415e-01
41	20	34	27	8.67000000000000e+01	8.95027747195099e+02	3.00000000000000e-02	0.00000000000000e+00	0.00000000000000e+00	9.11166054181284e+01	-1.65620602290367e+00
42	21	35	28	9.79500000000000e+01	9.01072624142319e+02	3.00000000000000e-02	0.00000000000000e+00	0.00000000000000e+00	9.81336713285755e+01	-6.24466011708513e-02
43	22	36	29	8.74100000000000e+01	9.10859290262188e+02	3.00000000000000e-02	0.00000000000000e+00	0.00000000000000e+00	9.19995097790015e+01	-1.70578519844445e+00
25	2	17	9	1.06160000000000e+02	1.03281897318529e+03	3.00000000000000e-02	0.00000000000000e+00	0.00000000000000e+00	8.78891088715513e+01	6.29571655441203e+00
26	4	18	10	8.71900000000000e+01	1.04513008967703e+03	3.00000000000000e-02	0.00000000000000e+00	0.00000000000000e+00	8.37840626403091e+01	1.32822797762297e+00
27	3	19	11	6.92800000000000e+01	1.04487408628056e+03	3.00000000000000e-02	0.00000000000000e+00	0.00000000000000e+00	7.15462378761901e+01	-1.07292200063786e+00
28	1	20	12	7.78300000000000e+01	1.05367966836590e+03	3.00000000000000e-02	0.00000000000000e+00	0.00000000000000e+00	6.78744713344426e+01	4.56223238528966e+00
29	5	21	13	7.83100000000000e+01	1.05110772680160e+03	3.00000000000000e-02	0.00000000000000e+00	0.00000000000000e+00	6.21749434522373e+01	7.69077428557872e+00
30	6	22	14	7.12600000000000e+01	1.06030549777297e+03	3.00000000000000e-02	0.00000000000000e+00	0.00000000000000e+00	5.36333617015032e+01	9.47212886398791e+00
31	7	23	15	5.41100000000000e+01	1.07922580501978e+03	3.00000000000000e-02	0.00000000000000e+00	0.00000000000000e+00	5.31202001319661e+01	6.15391298300668e-01
32	8	24	16	6.22400000000000e+01	1.06638134118313e+03	3.00000000000000e-02	0.00000000000000e+00	0.00000000000000e+00	5.36496849930085e+01	4.95074274432043e+00
33	9	25	17	4.67500000000000e+01	1.05581880507786e+03	3.00000000000000e-02	0.00000000000000e+00	0.00000000000000e+00	5.94677266094362e+01	-8.02064999113226e+00
34	10	26	18	6.68100000000000e+01	1.05009082010609e+03	3.00000000000000e-02	0.00000000000000e+00	0.00000000000000e+00	6.43186653937202e+01	1.26676315858969e+00
35	11	27	19	9.85000000000000e+01	1.03540336816063e+03	3.00000000000000e-02	0.00000000000000e+00	0.00000000000000e+00	7.01387337295554e+01	1.13193785699938e+01
36	12	28	20	7.46400000000000e+01	1.01336936709433e+03	3.00000000000000e-02	0.00000000000000e+00	0.00000000000000e+00	7.38638989724052e+01	3.48411994039003e-01
37	13	29	21	8.14500000000000e+01	1.00470966686586e+03	3.00000000000000e-02	0.00000000000000e+00	0.00000000000000e+00	8.11072988937600e+01	1.40545976210434e-01
38	14	30	22	7.70000000000000e+01	9.99893905203809e+02	3.00000000000000e-02	0.00000000000000e+00	0.00000000000000e+00	8.62233537713164e+01	-3.77118815145341e+00
39	15	31	23	9.32600000000000e+01	9.98858827534049e+02	3.00000000000000e-02	0.00000000000000e+00	0.00000000000000e+00	9.02278711536179e+01	1.10176397353830e+00
40	16	32	24	8.41300000000000e+01	1.01019568244530e+03	3.00000000000000e-02	0.00000000000000e+00	0.00000000000000e+00	9.46674556861588e+01	-3.93356875361951e+00
41	17	33	25	9.47200000000000e+01	1.01718699930222e+03	3.00000000000000e-02	0.00000000000000e+00	0.00000000000000e+00	9.49087379947440e+01	-6.63535351807039e-02
42	18	34	26	9.88400000000000e+01	1.02453574178394e+03	3.00000000000000e-02	0.00000000000000e+00	0.00000000000000e+00	9.96862688681861e+01	-2.84185395696035e-01
43	19	35	27	1.39020000000000e+02	1.03377734203868e+03	3.00000000000000e-02	0.00000000000000e+00	0.00000000000000e+00	1.00725673325752e+02	1.07405697274835e+01
28	2	19	10	9.67800000000000e+01	1.17932192387662e+03	3.00000000000000e-02	0.00000000000000e+00	0.00000000000000e+00	8.93000593138032e+01	2.68127364248724e+00
29	4	20	11	7.98100000000000e+01	1.17872494231068e+03	3.00000000000000e-02	0.00000000000000e+00	0.00000000000000e+00	7.46863555728359e+01	2.21171302512158e+00
30	3	21	12	6.28300000000000e+01	1.17959022417841e+03	3.00000000000000e-02	0.00000000000000e+00	0.00000000000000e+00	6.93433961343594e+01	-3.28794168801076e+00
31	1	22	13	6.03000000000000e+01	1.19364235457013e+03	3.00000000000000e-02	0.00000000000000e+00	0.00000000000000e+00	6.46802317076765e+01	-2.33745044463719e+00
32	5	23	14	5.07600000000000e+01	1.18289825368326e+03	3.00000000000000e-02	0.00000000000000e+00	0.00000000000000e+00	5.64219984144081e+01	-3.52501608065195e+00
33	6	24	15	4.85400000000000e+01	1.18431927258906e+03	3.00000000000000e-02	0.00000000000000e+00	0.00000000000000e+00	5.51596008319904e+01	-4.26142053506878e+00
34	7	25	16	6.27600000000000e+01	1.19202582238568e+03	3.00000000000000e-02	0.00000000000000e+00	0.00000000000000e+00	6.35483903907406e+01	-4.16124707201485e-01
35	8	26	17	6.49100000000000e+01	1.17957193514615e+03	3.00000000000000e-02	0.00000000000000e+00	0.00000000000000e+00	6.66075036799749e+01	-8.60518134063633e-01
36	9	27	18	7.42500000000000e+01	1.17603170454079e+03	3.00000000000000e-02	0.00000000000000e+00	0.00000000000000e+00	6.98841040014439e+01	2.01998549568811e+00
37	10	28	19	6.76900000000000e+01	1.16294353657984e+03	3.00000000000000e-02	0.00000000000000e+00	0.00000000000000e+00	7.47549927480169e+01	-3.30925147117878e+00
38	11	29	20	8.97400000000000e+01	1.14792780141264e+03	3.00000000000000e-02	0.00000000000000e+00	0.00000000000000e+00	8.50476504386920e+01	1.79016359116406e+00
39	12	30	21	8.37600000000000e+01	1.13383989897875e+03	3.00000000000000e-02	0.00000000000000e+00	0.00000000000000e+00	8.70081256820798e+01	-1.26819821251720e+00
40	13	31	22	9.64500000000000e+01	1.12522145168130e+03	3.00000000000000e-02	0.00000000000000e+00	0.00000000000000e+00	9.61866568213068e+01	9.11364593791338e-02
41	14	32	23	1.00270000000000e+02	1.12395308916583e+03	3.00000000000000e-02	0.00000000000000e+00	0.00000000000000e+00	1.00679086113922e+02	-1.35718185127528e-01
42	15	33	24	1.03640000000000e+02	1.13426977106943e+03	3.00000000000000e-02	0.00000000000000e+00	0.00000000000000e+00	1.05113171568161e+02	-4.70474616218060e-01
43	16	34	25	9.71200000000000e+01	1.14509798100977e+03	3.00000000000000e-02	0.00000000000000e+00	0.00000000000000e+00	1.01659530494774e+02	-1.52273221032893e+00
31	2	21	11	6.28200000000000e+01	1.31028485679302e+03	3.00000000000000e-02	0.00000000000000e+00	0.00000000000000e+00	7.80858707289901e+01	-7.25118779358474e+00
32	4	22	12	5.68400000000000e+01	1.32040840439504e+03	3.00000000000000e-02	0.00000000000000e+00	0.00000000000000e+00	7.08467797003686e+01	-7.34264031719511e+00
33	3	23	13	5.08700000000000e+01	1.31298458518071e+03	3.00000000000000e-02	0.00000000000000e+00	0.00000000000000e+00	6.65316670520185e+01	-8.94682239175425e+00
34	1	24	14	4.51200000000000e+01	1.31302671180438e+03	3.00000000000000e-02	0.00000000000000e+00	0.00000000000000e+00	6.07075482560957e+01	-9.89141455406951e+00
35	5	25	15	4.90800000000000e+01	1.30629982593700e+03	3.00000000000000e-02	0.00000000000000e+00	0.00000000000000e+00	6.56411086572968e+01	-9.69168454004860e+00
36	6	26	16	6.35800000000000e+01	1.30355773207847e+03	3.00000000000000e-02	0.00000000000000e+00	0.00000000000000e+00	7.13846481907801e+01	-3.85946264703397e+00
37	7	27	17	7.80800000000000e+01	1.30612650028136e+03	3.00000000000000e-02	0.00000000000000e+00	0.00000000000000e+00	7.41321066262461e+01	1.72950719470863e+00
38	8	28	18	7.84100000000000e+01	1.30002388981250e+03	3.00000000000000e-02	0.00000000000000e+00	0.00000000000000e+00	7.65151625451866e+01	8.15418194831589e-01
39	9	29	19	8.95100000000000e+01	1.29077702919836e+03	3.00000000000000e-02	0.00000000000000e+00	0.00000000000000e+00	8.43562389554995e+01	1.97671931780932e+00
40	10	30	20	9.42000000000000e+01	1.27579059819337e+03	3.00000000000000e-02	0.00000000000000e+00	0.00000000000000e+00	9.05196973818148e+01	1.32842346437035e+00
41	11	31	21	9.86700000000000e+01	1.26551358419369e+03	3.00000000000000e-02	0.00000000000000e+00	0.00000000000000e+00	9.97356071973441e+01	-3.58060258061480e-01
42	12	32	22	1.13790000000000e+02	1.25750159890744e+03	3.00000000000000e-02	0.00000000000000e+00	0.00000000000000e+00	1.04724103856460e+02	2.76751115614315e+00
43	13	33	23	7.59900000000000e+01	1.25648853615501e+03	3.00000000000000e-02	0.00000000000000e+00	0.00000000000000e+00	1.04213495239472e+02	-1.05279960368775e+01
34	2	23	12	1.04670000000000e+02	1.44432616097724e+03	3.00000000000000e-02	0.00000000000000e+00	0.00000000000000e+00	7.58441416224986e+01	1.07377359136599e+01
35	4	24	13	8.66700000000000e+01	1.44131224734162e+03	3.00000000000000e-02	0.00000000000000e+00	0.00000000000000e+00	7.05427326430295e+01	6.86297133913903e+00
36	3	25	14	6.86800000000000e+01	1.43338205693139e+03	3.00000000000000e-02	0.00000000000000e+00	0.00000000000000e+00	7.03293695954877e+01	-7.91048357611205e-01
37	1	26	15	6.95000000000000e+01	1.44167569247976e+03	3.00000000000000e-02	0.00000000000000e+00	0.00000000000000e+00	7.50985571799483e+01	-2.58248646766936e+00
38	5	27	16	7.54800000000000e+01	1.42861798850603e+03	3.00000000000000e-02	0.00000000000000e+00	0.00000000000000e+00	7.82538921156512e+01	-1.20302823933616e+00
39	6	28	17	8.05900000000000e+01	1.41981439011767e+03	3.00000000000000e-02	0.00000000000000e+00	0.00000000000000e+00	8.00744111378569e+01	2.13941025025418e-01
40	7	29	18	9.34900000000000e+01	1.42601950704254e+03	3.00000000000000e-02	0.00000000000000e+00	0.00000000000000e+00	8.88117997452889e+01	1.71116525061175e+00
41	8	30	19	9.65800000000000e+01	1.41784271963409e+03	3.00000000000000e-02	0.00000000000000e+00	0.00000000000000e+00	9.44442573476297e+01	7.45396310810431e-01
42	9	31	20	1.05840000000000e+02	1.40528312586154e+03	3.00000000000000e-02	0.00000000000000e+00	0.00000000000000e+00	1.02312361956208e+02	1.12993379710253e+00
43	10	32	21	1.08720000000000e+02	1.40107899746434e+03	3.00000000000000e-02	0.00000000000000e+00	0.00000000000000e+00	1.02351813212266e+02	2.01199140303962e+00
37	2	25	13	1.05460000000000e+02	1.56454097391225e+03	3.00000000000000e-02	0.00000000000000e+00	0.00000000000000e+00	8.19227784859697e+01	8.41848854404121e+00
38	4	26	14	8.17500000000000e+01	1.56886789050698e+03	3.00000000000000e-02	0.00000000000000e+00	0.00000000000000e+00	7.83197799171601e+01	1.42885405351771e+00
39	3	27	15	1.08490000000000e+02	1.56544877075889e+03	3.00000000000000e-02	0.00000000000000e+00	0.00000000000000e+00	8.02864889947258e+01	1.00352217547346e+01
40	1	28	16	8.39900000000000e+01	1.56208659484009e+03	3.00000000000000e-02	0.00000000000000e+00	0.00000000000000e+00	8.65576496172943e+01	-1.00376391240609e+00
41	5	29	17	9.08900000000000e+01	1.54663917027802e+03	3.00000000000000e-02	0.00000000000000e+00	0.00000000000000e+00	9.38242507287077e+01	-1.05911250066904e+00
42	6	30	18	9.68500000000000e+01	1.54651838102244e+03	3.00000000000000e-02	0.00000000000000e+00	0.00000000000000e+00	9.86305464169632e+01	-6.07254172204078e-01
43	7	31	19	1.01880000000000e+02	1.54941473250314e+03	3.00000000000000e-02	0.00000000000000e+00	0.00000000000000e+00	1.03642765983192e+02	-5.71813120053181e-01
40	2	27	14	8.66900000000000e+01	1.69182588516933e+03	3.00000000000000e-02	0.00000000000000e+00	0.00000000000000e+00	8.60107797665630e+01	2.62196745312811e-01
41	4	28	15	7.15000000000000e+01	1.70254217004056e+03	3.00000000000000e-02	0.00000000000000e+00	0.00000000000000e+00	8.91906684374066e+01	-7.36929901610548e+00
42	3	29	16	9.55200000000000e+01	1.69199544041132e+03	3.00000000000000e-02	0.00000000000000e+00	0.00000000000000e+00	9.89950578105218e+01	-1.19114260461191e+00
43	1	30	17	9.76900000000000e+01	1.69048956494683e+03	3.00000000000000e-02	0.00000000000000e+00	0.00000000000000e+00	1.01548337852287e+02	-1.29119068169995e+00
43	2	29	15	1.25590000000000e+02	1.83645143965068e+03	3.00000000000000e-02	0.00000000000000e+00	0.00000000000000e+00	1.00019724807476e+02	7.58850728060076e+00
0
