43
# x y z
390	989.2093	0
420	980.4871	0
400	987.414	0
410	982.292	0
380	994.4391	0
370	995.7553	0
360	994.451	0
350	996.5297	0
340	998	0
330	1000.4421	0
320	1003.1944	0
310	1007.9966	0
300	1012.1914	0
290	1016.0897	0
280	1021.3199	0
270	1023	0
260	1022.7144	0
250	1023.9769	0
240	1023	0
230	1019.8127	0
220	1018.0792	0
210	1017.6209	0
200	1014	0
190	1008.9312	0
180	1006.0978	0
170	1004	0
160	1002.5736	0
150	1000.07	0
140	999.0836	0
130	997.9098	0
120	995.0459	0
110	994.3781	0
100	993.4465	0
90	991.2596	0
80	991.5651	0
70	991.5154	0
60	990.3394	0
50	989.6807	0
40	991	0
30	991.2821	0
20	988.0058	0
10	985.4299	0
0	979.5214	0
287
# a b m n rhoa k err ip iperr response residual
1	2	3	4	7.68200000000000e+01	1.22794825845005e+02	3.00000000000000e-02	0.00000000000000e+00	0.00000000000000e+00	7.71209460557876e+01	-1.30329821006174e-01
5	4	1	3	8.61800000000000e+01	1.51056983745086e+02	3.00000000000000e-02	0.00000000000000e+00	0.00000000000000e+00	9.11178790654408e+01	-1.85719701337182e+00
6	3	5	1	5.87200000000000e+01	1.22148945063096e+02	3.00000000000000e-02	0.00000000000000e+00	0.00000000000000e+00	6.16212974593777e+01	-1.60757214855073e+00
7	1	6	5	6.92800000000000e+01	1.39233352640493e+02	3.00000000000000e-02	0.00000000000000e+00	0.00000000000000e+00	6.54820155985361e+01	1.87935767764040e+00
8	5	7	6	5.38600000000000e+01	1.29430818532193e+02	3.00000000000000e-02	0.00000000000000e+00	0.00000000000000e+00	5.28576610039034e+01	6.26180935733093e-01
9	6	8	7	3.84400000000000e+01	1.27057527055971e+02	3.00000000000000e-02	0.00000000000000e+00	0.00000000000000e+00	3.87077354417235e+01	-2.31362605831113e-01
10	7	9	8	2.95600000000000e+01	1.29883024260908e+02	3.00000000000000e-02	0.00000000000000e+00	0.00000000000000e+00	3.08573644537694e+01	-1.43177812984067e+00
11	8	10	9	2.96900000000000e+01	1.28376455637631e+02	3.00000000000000e-02	0.00000000000000e+00	0.00000000000000e+00	2.95006145952472e+01	2.13306396990702e-01
12	9	11	10	3.05800000000000e+01	1.36411694311053e+02	3.00000000000000e-02	0.00000000000000e+00	0.00000000000000e+00	3.39010922477359e+01	-3.43670110212229e+00
13	10	12	11	3.84500000000000e+01	1.30549949962852e+02	3.00000000000000e-02	0.00000000000000e+00	0.00000000000000e+00	3.79723983161746e+01	4.16638675108209e-01
14	11	13	12	6.16700000000000e+01	1.37536194784139e+02	3.00000000000000e-02	0.00000000000000e+00	0.00000000000000e+00	6.11579881198323e+01	2.77903461426288e-01
15	12	14	13	8.48800000000000e+01	1.41207651731264e+02	3.00000000000000e-02	0.00000000000000e+00	0.00000000000000e+00	8.85073464177310e+01	-1.39490215442759e+00
16	13	15	14	7.55900000000000e+01	1.26876647254927e+02	3.00000000000000e-02	0.00000000000000e+00	0.00000000000000e+00	8.20361421879903e+01	-2.72786364149488e+00
17	14	16	15	1.12440000000000e+02	1.37437057189505e+02	3.00000000000000e-02	0.00000000000000e+00	0.00000000000000e+00	1.00627439719993e+02	3.69982549763342e+00
18	15	17	16	1.02750000000000e+02	1.28213949831156e+02	3.00000000000000e-02	0.00000000000000e+00	0.00000000000000e+00	1.08532663129195e+02	-1.82507723217699e+00
19	16	18	17	1.22200000000000e+02	1.26231578650453e+02	3.00000000000000e-02	0.00000000000000e+00	0.00000000000000e+00	1.21684395978873e+02	1.40942402166525e-01
20	17	19	18	1.07070000000000e+02	1.31523290377230e+02	3.00000000000000e-02	0.00000000000000e+00	0.00000000000000e+00	1.10203264053397e+02	-9.61456315643616e-01
21	18	20	19	9.19400000000000e+01	1.24970700779354e+02	3.00000000000000e-02	0.00000000000000e+00	0.00000000000000e+00	9.29848533735024e+01	-3.76680751977521e-01
22	19	21	20	7.85400000000000e+01	1.29659549247822e+02	3.00000000000000e-02	0.00000000000000e+00	0.00000000000000e+00	8.16806175882484e+01	-1.30695619161945e+00
23	20	22	21	6.51500000000000e+01	1.33880322827176e+02	3.00000000000000e-02	0.00000000000000e+00	0.00000000000000e+00	6.24555199118780e+01	1.40792272012943e+00
24	21	23	22	3.48400000000000e+01	1.33342596649193e+02	3.00000000000000e-02	0.00000000000000e+00	0.00000000000000e+00	4.07907482721441e+01	-5.25630485588802e+00
25	22	24	23	4.54900000000000e+01	1.28387862454627e+02	3.00000000000000e-02	0.00000000000000e+00	0.00000000000000e+00	4.68637649412745e+01	-9.91741757590292e-01
26	23	25	24	5.61400000000000e+01	1.36564815493406e+02	3.00000000000000e-02	0.00000000000000e+00	0.00000000000000e+00	5.28232484791574e+01	2.02990550083983e+00
27	24	26	25	3.89800000000000e+01	1.28987766498500e+02	3.00000000000000e-02	0.00000000000000e+00	0.00000000000000e+00	3.71478442510187e+01	1.60476509452410e+00
28	25	27	26	3.52400000000000e+01	1.30123568750067e+02	3.00000000000000e-02	0.00000000000000e+00	0.00000000000000e+00	3.87376660355231e+01	-3.15435360690100e+00
29	26	28	27	4.86300000000000e+01	1.25415948591769e+02	3.00000000000000e-02	0.00000000000000e+00	0.00000000000000e+00	4.79622840399641e+01	4.60855717929902e-01
30	27	29	28	4.05300000000000e+01	1.29074329721137e+02	3.00000000000000e-02	0.00000000000000e+00	0.00000000000000e+00	4.33814211460931e+01	-2.26629415401812e+00
31	28	30	29	4.97200000000000e+01	1.29643468904902e+02	3.00000000000000e-02	0.00000000000000e+00	0.00000000000000e+00	4.46753323814270e+01	3.56619218791735e+00
32	29	31	30	4.01200000000000e+01	1.24608841898874e+02	3.00000000000000e-02	0.00000000000000e+00	0.00000000000000e+00	4.49722739102154e+01	-3.80570671528878e+00
33	30	32	31	3.05300000000000e+01	1.30052962031104e+02	3.00000000000000e-02	0.00000000000000e+00	0.00000000000000e+00	3.24850015292643e+01	-2.06895615539067e+00
34	31	33	32	3.76300000000000e+01	1.27934416607326e+02	3.00000000000000e-02	0.00000000000000e+00	0.00000000000000e+00	3.58793272346545e+01	1.58801060060771e+00
35	32	34	33	3.15300000000000e+01	1.25239150617763e+02	3.00000000000000e-02	0.00000000000000e+00	0.00000000000000e+00	3.04818346213666e+01	1.12695178534037e+00
36	33	35	34	3.18800000000000e+01	1.28341042537214e+02	3.00000000000000e-02	0.00000000000000e+00	0.00000000000000e+00	3.33208957246512e+01	-1.47352818359443e+00
37	34	36	35	2.92400000000000e+01	1.26464567796497e+02	3.00000000000000e-02	0.00000000000000e+00	0.00000000000000e+00	3.01912617119780e+01	-1.06716334482487e+00
38	35	37	36	3.70600000000000e+01	1.25556654708300e+02	3.00000000000000e-02	0.00000000000000e+00	0.00000000000000e+00	3.71052533916328e+01	-4.06779861452359e-02
39	36	38	37	4.52900000000000e+01	1.27328036536700e+02	3.00000000000000e-02	0.00000000000000e+00	0.00000000000000e+00	4.22213050456768e+01	2.33871016740806e+00
40	37	39	38	5.35300000000000e+01	1.25750727217077e+02	3.00000000000000e-02	0.00000000000000e+00	0.00000000000000e+00	5.40695988410206e+01	-3.34327990288748e-01
41	38	40	39	4.50600000000000e+01	1.32443172304244e+02	3.00000000000000e-02	0.00000000000000e+00	0.00000000000000e+00	4.74250885603212e+01	-1.70521493971794e+00
42	39	41	40	8.09300000000000e+01	1.26470098716429e+02	3.00000000000000e-02	0.00000000000000e+00	0.00000000000000e+00	8.00477341851743e+01	3.65381648672702e-01
43	40	42	41	1.16810000000000e+02	1.44263074671729e+02	3.00000000000000e-02	0.00000000000000e+00	0.00000000000000e+00	1.15301796173352e+02	4.33189258471748e-01
7	2	5	3	8.40700000000000e+01	2.56354417626246e+02	3.00000000000000e-02	0.00000000000000e+00	0.00000000000000e+00	8.19361289455510e+01	8.56991889774950e-01
8	4	6	1	6.73300000000000e+01	2.56819225980159e+02	3.00000000000000e-02	0.00000000000000e+00	0.00000000000000e+00	5.82854216933961e+01	4.80846323957280e+00
9	3	7	5	5.05900000000000e+01	2.68042098811709e+02	3.00000000000000e-02	0.00000000000000e+00	0.00000000000000e+00	5.27845246480322e+01	-1.41547085535743e+00
10	1	8	6	6.31300000000000e+01	2.66418147239791e+02	3.00000000000000e-02	0.00000000000000e+00	0.00000000000000e+00	6.00394239644746e+01	1.67315599520856e+00
11	5	9	7	4.37500000000000e+01	2.56092212952135e+02	3.00000000000000e-02	0.00000000000000e+00	0.00000000000000e+00	4.48136355551551e+01	-8.00694845936404e-01
12	6	10	8	4.10100000000000e+01	2.62482935127953e+02	3.00000000000000e-02	0.00000000000000e+00	0.00000000000000e+00	4.18504007241509e+01	-6.76181091140101e-01
13	7	11	9	5.34400000000000e+01	2.68252672995327e+02	3.00000000000000e-02	0.00000000000000e+00	0.00000000000000e+00	5.01812695672249e+01	2.09725627822039e+00
14	8	12	10	4.56700000000000e+01	2.61226872877831e+02	3.00000000000000e-02	0.00000000000000e+00	0.00000000000000e+00	4.57931448186025e+01	-8.97592090288946e-02
15	9	13	11	5.81700000000000e+01	2.64286062137939e+02	3.00000000000000e-02	0.00000000000000e+00	0.00000000000000e+00	5.20466307989975e+01	3.70765650144258e+00
16	10	14	12	7.06800000000000e+01	2.65428626785872e+02	3.00000000000000e-02	0.00000000000000e+00	0.00000000000000e+00	7.05112785937514e+01	7.96656791835086e-02
17	11	15	13	7.23300000000000e+01	2.58944835042227e+02	3.00000000000000e-02	0.00000000000000e+00	0.00000000000000e+00	7.08358218376857e+01	6.95804998526158e-01
18	12	16	14	5.14300000000000e+01	2.59880660203962e+02	3.00000000000000e-02	0.00000000000000e+00	0.00000000000000e+00	4.96095921463307e+01	1.20124849021324e+00
19	13	17	15	7.73300000000000e+01	2.71260870656006e+02	3.00000000000000e-02	0.00000000000000e+00	0.00000000000000e+00	8.07556707684587e+01	-1.44487357502860e+00
20	14	18	16	1.03230000000000e+02	2.68740401139809e+02	3.00000000000000e-02	0.00000000000000e+00	0.00000000000000e+00	1.02748297864663e+02	1.55907367746918e-01
21	15	19	17	7.81400000000000e+01	2.58464798954982e+02	3.00000000000000e-02	0.00000000000000e+00	0.00000000000000e+00	7.14159514152609e+01	2.99936120187253e+00
22	16	20	18	5.30400000000000e+01	2.51167735091783e+02	3.00000000000000e-02	0.00000000000000e+00	0.00000000000000e+00	5.33902969657920e+01	-2.19422627259439e-01
23	17	21	19	6.44600000000000e+01	2.52527620164609e+02	3.00000000000000e-02	0.00000000000000e+00	0.00000000000000e+00	6.03847856470765e+01	2.17692321457606e+00
24	18	22	20	7.58700000000000e+01	2.73209795682521e+02	3.00000000000000e-02	0.00000000000000e+00	0.00000000000000e+00	7.17510728920975e+01	1.86061805406954e+00
25	19	23	21	4.31800000000000e+01	2.69000446748655e+02	3.00000000000000e-02	0.00000000000000e+00	0.00000000000000e+00	4.61939830439282e+01	-2.24907091250091e+00
26	20	24	22	4.25900000000000e+01	2.49036731303800e+02	3.00000000000000e-02	0.00000000000000e+00	0.00000000000000e+00	4.18381121727642e+01	5.93726178340592e-01
27	21	25	23	4.20100000000000e+01	2.50098158096370e+02	3.00000000000000e-02	0.00000000000000e+00	0.00000000000000e+00	4.23920171514497e+01	-3.01746153358303e-01
28	22	26	24	4.63200000000000e+01	2.68244858874346e+02	3.00000000000000e-02	0.00000000000000e+00	0.00000000000000e+00	4.87758384999155e+01	-1.72204147596478e+00
29	23	27	25	4.41600000000000e+01	2.66830403086688e+02	3.00000000000000e-02	0.00000000000000e+00	0.00000000000000e+00	4.20807105230436e+01	1.60766495428728e+00
30	24	28	26	4.28200000000000e+01	2.55758296803953e+02	3.00000000000000e-02	0.00000000000000e+00	0.00000000000000e+00	4.12254556401961e+01	1.26497874185067e+00
31	25	29	27	5.50800000000000e+01	2.56144334099348e+02	3.00000000000000e-02	0.00000000000000e+00	0.00000000000000e+00	5.42622701330538e+01	4.98584314878769e-01
32	26	30	28	5.47500000000000e+01	2.57326719256680e+02	3.00000000000000e-02	0.00000000000000e+00	0.00000000000000e+00	5.19856841528802e+01	1.72696642569323e+00
33	27	31	29	4.74300000000000e+01	2.52475446881841e+02	3.00000000000000e-02	0.00000000000000e+00	0.00000000000000e+00	4.96568873258982e+01	-1.52940528406843e+00
34	28	32	30	6.02300000000000e+01	2.52834732741253e+02	3.00000000000000e-02	0.00000000000000e+00	0.00000000000000e+00	5.07208485507229e+01	5.72778423218671e+00
35	29	33	31	4.96000000000000e+01	2.55776326458431e+02	3.00000000000000e-02	0.00000000000000e+00	0.00000000000000e+00	4.98303737505098e+01	-1.54462634874664e-01
36	30	34	32	4.91400000000000e+01	2.53167592379199e+02	3.00000000000000e-02	0.00000000000000e+00	0.00000000000000e+00	4.89344564120370e+01	1.39719621481227e-01
37	31	35	33	5.25000000000000e+01	2.51747274648917e+02	3.00000000000000e-02	0.00000000000000e+00	0.00000000000000e+00	5.27411834348206e+01	-1.52781670432844e-01
38	32	36	34	4.62700000000000e+01	2.55013015400977e+02	3.00000000000000e-02	0.00000000000000e+00	0.00000000000000e+00	4.74987111130757e+01	-8.73625776399252e-01
39	33	37	35	4.83300000000000e+01	2.52181257616441e+02	3.00000000000000e-02	0.00000000000000e+00	0.00000000000000e+00	4.69494516130351e+01	9.66032016816006e-01
40	34	38	36	5.74400000000000e+01	2.52051152355665e+02	3.00000000000000e-02	0.00000000000000e+00	0.00000000000000e+00	6.15840028685888e+01	-2.32204061271730e+00
41	35	39	37	7.27000000000000e+01	2.54378060686481e+02	3.00000000000000e-02	0.00000000000000e+00	0.00000000000000e+00	7.27633102798377e+01	-2.90154650055700e-02
42	36	40	38	8.08900000000000e+01	2.62240230663211e+02	3.00000000000000e-02	0.00000000000000e+00	0.00000000000000e+00	7.64543803855384e+01	1.87986596350900e+00
43	37	41	39	8.55800000000000e+01	2.67286189949269e+02	3.00000000000000e-02	0.00000000000000e+00	0.00000000000000e+00	8.68389633772012e+01	-4.86793226406442e-01
10	2	7	1	6.27400000000000e+01	3.91703642169772e+02	3.00000000000000e-02	0.00000000000000e+00	0.00000000000000e+00	6.68011371767440e+01	-2.09069670797068e+00
11	4	8	5	5.24900000000000e+01	4.08945497167709e+02	3.00000000000000e-02	0.00000000000000e+00	0.00000000000000e+00	5.64601940212548e+01	-2.43043946642056e+00
12	3	9	6	6.31500000000000e+01	4.05421156225640e+02	3.00000000000000e-02	0.00000000000000e+00	0.00000000000000e+00	5.54696620336947e+01	4.32255358414295e+00
13	1	10	7	5.32000000000000e+01	3.98813564228390e+02	3.00000000000000e-02	0.00000000000000e+00	0.00000000000000e+00	5.85301183395748e+01	-3.18276896051162e+00
14	5	11	8	5.95100000000000e+01	3.98436623816644e+02	3.00000000000000e-02	0.00000000000000e+00	0.00000000000000e+00	6.03810691186330e+01	-4.84375498929109e-01
15	6	12	9	5.27100000000000e+01	3.94670850734579e+02	3.00000000000000e-02	0.00000000000000e+00	0.00000000000000e+00	5.62957872114267e+01	-2.19381713243562e+00
16	7	13	10	6.50700000000000e+01	3.87072782424081e+02	3.00000000000000e-02	0.00000000000000e+00	0.00000000000000e+00	6.44738065410301e+01	3.06819077507588e-01
17	8	14	11	6.08800000000000e+01	3.76298416183341e+02	3.00000000000000e-02	0.00000000000000e+00	0.00000000000000e+00	6.33047442460725e+01	-1.30185204611122e+00
18	9	15	12	6.07800000000000e+01	3.78644216360592e+02	3.00000000000000e-02	0.00000000000000e+00	0.00000000000000e+00	5.31771058286271e+01	4.45442751105714e+00
19	10	16	13	4.80500000000000e+01	3.88229682752900e+02	3.00000000000000e-02	0.00000000000000e+00	0.00000000000000e+00	5.04066710177200e+01	-1.59604641215717e+00
20	11	17	14	5.02000000000000e+01	4.01235327912901e+02	3.00000000000000e-02	0.00000000000000e+00	0.00000000000000e+00	5.47623035487870e+01	-2.89956797016386e+00
21	12	18	15	5.12400000000000e+01	4.13039391647375e+02	3.00000000000000e-02	0.00000000000000e+00	0.00000000000000e+00	5.01300391502196e+01	7.30002159318888e-01
22	13	19	16	5.73100000000000e+01	4.03185424728193e+02	3.00000000000000e-02	0.00000000000000e+00	0.00000000000000e+00	5.68294393050886e+01	2.80687982718734e-01
23	14	20	17	4.88000000000000e+01	3.90916250857206e+02	3.00000000000000e-02	0.00000000000000e+00	0.00000000000000e+00	5.51081871111294e+01	-4.05226595569272e+00
24	15	21	18	5.26800000000000e+01	3.89303921240956e+02	3.00000000000000e-02	0.00000000000000e+00	0.00000000000000e+00	4.84714492165914e+01	2.77536427386422e+00
25	16	22	19	4.46500000000000e+01	3.95067560467496e+02	3.00000000000000e-02	0.00000000000000e+00	0.00000000000000e+00	4.63403382015529e+01	-1.23861699730239e+00
26	17	23	20	5.80000000000000e+01	3.90361341336516e+02	3.00000000000000e-02	0.00000000000000e+00	0.00000000000000e+00	5.70637172931715e+01	5.42483992975236e-01
27	18	24	21	4.98600000000000e+01	3.80636235292701e+02	3.00000000000000e-02	0.00000000000000e+00	0.00000000000000e+00	4.87088401155540e+01	7.78618086667023e-01
28	19	25	22	6.22500000000000e+01	3.75653443935052e+02	3.00000000000000e-02	0.00000000000000e+00	0.00000000000000e+00	5.77143443214963e+01	2.52175969893414e+00
29	20	26	23	5.01100000000000e+01	3.77040816258234e+02	3.00000000000000e-02	0.00000000000000e+00	0.00000000000000e+00	5.25524696574067e+01	-1.58638345273602e+00
30	21	27	24	5.70800000000000e+01	3.89135634019527e+02	3.00000000000000e-02	0.00000000000000e+00	0.00000000000000e+00	5.38097347211989e+01	1.96664663452841e+00
31	22	28	25	3.96600000000000e+01	3.97601295827321e+02	3.00000000000000e-02	0.00000000000000e+00	0.00000000000000e+00	4.69827062032579e+01	-5.64788192616253e+00
32	23	29	26	5.49800000000000e+01	3.93644889400686e+02	3.00000000000000e-02	0.00000000000000e+00	0.00000000000000e+00	5.33426795591208e+01	1.00775765969687e+00
33	24	30	27	4.79300000000000e+01	3.84170414871651e+02	3.00000000000000e-02	0.00000000000000e+00	0.00000000000000e+00	4.92853915299071e+01	-9.29536870483760e-01
34	25	31	28	6.55300000000000e+01	3.82296270544133e+02	3.00000000000000e-02	0.00000000000000e+00	0.00000000000000e+00	6.48790062504187e+01	3.32798669789695e-01
35	26	32	29	5.73400000000000e+01	3.79775899879674e+02	3.00000000000000e-02	0.00000000000000e+00	0.00000000000000e+00	6.18561807154954e+01	-2.52711880393409e+00
36	27	33	30	6.76500000000000e+01	3.79046277595688e+02	3.00000000000000e-02	0.00000000000000e+00	0.00000000000000e+00	6.33029322431358e+01	2.21385678610702e+00
37	28	34	31	6.39300000000000e+01	3.79785697291768e+02	3.00000000000000e-02	0.00000000000000e+00	0.00000000000000e+00	6.23956447023444e+01	8.09775275864203e-01
38	29	35	32	6.75500000000000e+01	3.80272772703458e+02	3.00000000000000e-02	0.00000000000000e+00	0.00000000000000e+00	6.55313581377974e+01	1.01130953779774e+00
39	30	36	33	5.95200000000000e+01	3.79952211676252e+02	3.00000000000000e-02	0.00000000000000e+00	0.00000000000000e+00	5.90013991414687e+01	2.91707754603839e-01
40	31	37	34	6.84000000000000e+01	3.79580727988900e+02	3.00000000000000e-02	0.00000000000000e+00	0.00000000000000e+00	6.66502465608550e+01	8.63802622432353e-01
41	32	38	35	7.26900000000000e+01	3.78318605974012e+02	3.00000000000000e-02	0.00000000000000e+00	0.00000000000000e+00	7.06444373351490e+01	9.51481766364992e-01
42	33	39	36	8.73000000000000e+01	3.83078666120171e+02	3.00000000000000e-02	0.00000000000000e+00	0.00000000000000e+00	8.96158856102787e+01	-8.72737872601507e-01
43	34	40	37	9.42000000000000e+01	4.01699714589643e+02	3.00000000000000e-02	0.00000000000000e+00	0.00000000000000e+00	9.46310918288028e+01	-1.52196891433457e-01
13	2	9	5	6.57300000000000e+01	5.52294989506658e+02	3.00000000000000e-02	0.00000000000000e+00	0.00000000000000e+00	6.76167503037627e+01	-9.43343187942721e-01
14	4	10	6	6.07800000000000e+01	5.54279944242283e+02	3.00000000000000e-02	0.00000000000000e+00	0.00000000000000e+00	6.16948041699129e+01	-4.97964289739272e-01
15	3	11	7	7.29700000000000e+01	5.39779451236231e+02	3.00000000000000e-02	0.00000000000000e+00	0.00000000000000e+00	7.01551552001365e+01	1.31130352292515e+00
16	1	12	8	8.30600000000000e+01	5.24393176851146e+02	3.00000000000000e-02	0.00000000000000e+00	0.00000000000000e+00	7.12039977941491e+01	5.13380908555773e+00
17	5	13	9	6.42600000000000e+01	5.03998920322666e+02	3.00000000000000e-02	0.00000000000000e+00	0.00000000000000e+00	6.96567975833174e+01	-2.68809793635236e+00
18	6	14	10	7.20300000000000e+01	4.97639943884359e+02	3.00000000000000e-02	0.00000000000000e+00	0.00000000000000e+00	7.26289062296560e+01	-2.76010037304027e-01
19	7	15	11	5.52900000000000e+01	4.94372842962735e+02	3.00000000000000e-02	0.00000000000000e+00	0.00000000000000e+00	5.78919082434532e+01	-1.53285201545087e+00
20	8	16	12	4.53000000000000e+01	5.08336306467281e+02	3.00000000000000e-02	0.00000000000000e+00	0.00000000000000e+00	5.12795832568790e+01	-4.13285510914906e+00
21	9	17	13	5.06800000000000e+01	5.23900425986462e+02	3.00000000000000e-02	0.00000000000000e+00	0.00000000000000e+00	4.80060401106175e+01	1.80681722746071e+00
22	10	18	14	4.52800000000000e+01	5.35120443621861e+02	3.00000000000000e-02	0.00000000000000e+00	0.00000000000000e+00	4.33084192221230e+01	1.48394594924516e+00
23	11	19	15	4.58400000000000e+01	5.56517814085809e+02	3.00000000000000e-02	0.00000000000000e+00	0.00000000000000e+00	4.38061998690433e+01	1.51272385065783e+00
24	12	20	16	4.57700000000000e+01	5.49841326444597e+02	3.00000000000000e-02	0.00000000000000e+00	0.00000000000000e+00	4.53582564886661e+01	3.01221106116693e-01
25	13	21	17	4.78800000000000e+01	5.36529332323824e+02	3.00000000000000e-02	0.00000000000000e+00	0.00000000000000e+00	4.91473157082080e+01	-8.70811671113788e-01
26	14	22	18	4.71100000000000e+01	5.33183854246626e+02	3.00000000000000e-02	0.00000000000000e+00	0.00000000000000e+00	5.14763209377804e+01	-2.95455405356959e+00
27	15	23	19	5.69500000000000e+01	5.13802452883059e+02	3.00000000000000e-02	0.00000000000000e+00	0.00000000000000e+00	5.23827198695346e+01	2.78656421451971e+00
28	16	24	20	4.77900000000000e+01	5.05020201221914e+02	3.00000000000000e-02	0.00000000000000e+00	0.00000000000000e+00	5.21391214117179e+01	-2.90330484039035e+00
29	17	25	21	6.03700000000000e+01	5.01489300767359e+02	3.00000000000000e-02	0.00000000000000e+00	0.00000000000000e+00	5.90792586611090e+01	7.20412775850813e-01
30	18	26	22	6.71800000000000e+01	4.99826834324650e+02	3.00000000000000e-02	0.00000000000000e+00	0.00000000000000e+00	6.35953852541917e+01	1.82782251223171e+00
31	19	27	23	6.37600000000000e+01	5.09070971104262e+02	3.00000000000000e-02	0.00000000000000e+00	0.00000000000000e+00	5.79949911048132e+01	3.15897959755483e+00
32	20	28	24	4.96400000000000e+01	5.14160610502851e+02	3.00000000000000e-02	0.00000000000000e+00	0.00000000000000e+00	5.47290523132695e+01	-3.25325763324886e+00
33	21	29	25	5.96100000000000e+01	5.19350704497408e+02	3.00000000000000e-02	0.00000000000000e+00	0.00000000000000e+00	5.70196601485199e+01	1.48090739934788e+00
34	22	30	26	5.65400000000000e+01	5.26975575640278e+02	3.00000000000000e-02	0.00000000000000e+00	0.00000000000000e+00	5.75707912729954e+01	-6.02233028827470e-01
35	23	31	27	6.40200000000000e+01	5.15049396278788e+02	3.00000000000000e-02	0.00000000000000e+00	0.00000000000000e+00	6.25899893389062e+01	7.53006131244819e-01
36	24	32	28	7.00600000000000e+01	5.10458957602586e+02	3.00000000000000e-02	0.00000000000000e+00	0.00000000000000e+00	6.77321623390219e+01	1.12636263948035e+00
37	25	33	29	6.81800000000000e+01	5.07173574216007e+02	3.00000000000000e-02	0.00000000000000e+00	0.00000000000000e+00	6.99762137080444e+01	-8.66803780742960e-01
38	26	34	30	7.67900000000000e+01	5.04318634887652e+02	3.00000000000000e-02	0.00000000000000e+00	0.00000000000000e+00	7.51378685449096e+01	7.24991668315441e-01
39	27	35	31	7.28700000000000e+01	5.08770480677039e+02	3.00000000000000e-02	0.00000000000000e+00	0.00000000000000e+00	7.37470198799057e+01	-3.98785143774620e-01
40	28	36	32	7.19600000000000e+01	5.06074421999772e+02	3.00000000000000e-02	0.00000000000000e+00	0.00000000000000e+00	6.97012737867909e+01	1.06306054020250e+00
41	29	37	33	8.13000000000000e+01	5.06374044492467e+02	3.00000000000000e-02	0.00000000000000e+00	0.00000000000000e+00	7.74622501061018e+01	1.61184314230350e+00
42	30	38	34	8.63800000000000e+01	5.10396538167678e+02	3.00000000000000e-02	0.00000000000000e+00	0.00000000000000e+00	8.85099275588999e+01	-8.11951799895727e-01
43	31	39	35	9.66200000000000e+01	5.21601783434247e+02	3.00000000000000e-02	0.00000000000000e+00	0.00000000000000e+00	9.76468791280786e+01	-3.52397930393404e-01
16	2	11	6	8.70700000000000e+01	6.85811747974325e+02	3.00000000000000e-02	0.00000000000000e+00	0.00000000000000e+00	8.44257181859433e+01	1.02801066042450e+00
17	4	12	7	7.76900000000000e+01	6.50682948182005e+02	3.00000000000000e-02	0.00000000000000e+00	0.00000000000000e+00	7.65226689374812e+01	5.04650868185467e-01
18	3	13	8	7.94600000000000e+01	6.34875653140362e+02	3.00000000000000e-02	0.00000000000000e+00	0.00000000000000e+00	7.59769195419311e+01	1.49413821536963e+00
19	1	14	9	9.16200000000000e+01	6.23578848427381e+02	3.00000000000000e-02	0.00000000000000e+00	0.00000000000000e+00	8.08538755381010e+01	4.16686895555201e+00
20	5	15	10	6.91200000000000e+01	6.16764582746268e+02	3.00000000000000e-02	0.00000000000000e+00	0.00000000000000e+00	7.46530089185664e+01	-2.56689018969028e+00
21	6	16	11	4.66100000000000e+01	6.23710855320080e+02	3.00000000000000e-02	0.00000000000000e+00	0.00000000000000e+00	5.60783844746549e+01	-6.16451081378182e+00
22	7	17	12	5.45500000000000e+01	6.40320622649192e+02	3.00000000000000e-02	0.00000000000000e+00	0.00000000000000e+00	5.33526839016417e+01	7.39780945399504e-01
23	8	18	13	4.60300000000000e+01	6.59368360637500e+02	3.00000000000000e-02	0.00000000000000e+00	0.00000000000000e+00	4.90286246084590e+01	-2.10369818000406e+00
24	9	19	14	4.13000000000000e+01	6.83535214668630e+02	3.00000000000000e-02	0.00000000000000e+00	0.00000000000000e+00	4.09713893057260e+01	2.66283288840293e-01
25	10	20	15	3.90700000000000e+01	6.96562762604602e+02	3.00000000000000e-02	0.00000000000000e+00	0.00000000000000e+00	4.19702154952730e+01	-2.38684342575587e+00
26	11	21	16	5.08500000000000e+01	6.93075004634829e+02	3.00000000000000e-02	0.00000000000000e+00	0.00000000000000e+00	5.06592006585844e+01	1.25308553231829e-01
27	12	22	17	5.06500000000000e+01	6.76289001442538e+02	3.00000000000000e-02	0.00000000000000e+00	0.00000000000000e+00	4.93072447911654e+01	8.95606909165059e-01
28	13	23	18	5.54200000000000e+01	6.61059294294310e+02	3.00000000000000e-02	0.00000000000000e+00	0.00000000000000e+00	5.41843435982285e+01	7.51617873988246e-01
29	14	24	19	5.55400000000000e+01	6.36739878028932e+02	3.00000000000000e-02	0.00000000000000e+00	0.00000000000000e+00	5.68971622996405e+01	-8.04732876631113e-01
30	15	25	20	7.31700000000000e+01	6.25988161641482e+02	3.00000000000000e-02	0.00000000000000e+00	0.00000000000000e+00	6.45672423502532e+01	4.16927676931804e+00
31	16	26	21	6.11400000000000e+01	6.27610377860881e+02	3.00000000000000e-02	0.00000000000000e+00	0.00000000000000e+00	6.08844989578283e+01	1.39590228598803e-01
32	17	27	22	6.66400000000000e+01	6.25467461285241e+02	3.00000000000000e-02	0.00000000000000e+00	0.00000000000000e+00	6.21745702295157e+01	2.31196401548566e+00
33	18	28	23	5.13000000000000e+01	6.30841934662358e+02	3.00000000000000e-02	0.00000000000000e+00	0.00000000000000e+00	5.80511513864057e+01	-4.12112633872058e+00
34	19	29	24	7.33200000000000e+01	6.46425111723455e+02	3.00000000000000e-02	0.00000000000000e+00	0.00000000000000e+00	6.78595943650235e+01	2.57975470534007e+00
35	20	30	25	6.55400000000000e+01	6.45588997222732e+02	3.00000000000000e-02	0.00000000000000e+00	0.00000000000000e+00	6.46242688907632e+01	4.69020786946010e-01
36	21	31	26	7.75600000000000e+01	6.43279636563008e+02	3.00000000000000e-02	0.00000000000000e+00	0.00000000000000e+00	7.21493700772778e+01	2.41044253101152e+00
37	22	32	27	7.27600000000000e+01	6.47042617386717e+02	3.00000000000000e-02	0.00000000000000e+00	0.00000000000000e+00	7.25149928825785e+01	1.12433826291240e-01
38	23	33	28	7.51300000000000e+01	6.45453573682526e+02	3.00000000000000e-02	0.00000000000000e+00	0.00000000000000e+00	7.37351125458325e+01	6.24694510789918e-01
39	24	34	29	6.91100000000000e+01	6.34382257096933e+02	3.00000000000000e-02	0.00000000000000e+00	0.00000000000000e+00	7.21360361973147e+01	-1.42847632956092e+00
40	25	35	30	8.21700000000000e+01	6.32633165872093e+02	3.00000000000000e-02	0.00000000000000e+00	0.00000000000000e+00	8.38021493617702e+01	-6.55612797483111e-01
41	26	36	31	7.86200000000000e+01	6.36581044316217e+02	3.00000000000000e-02	0.00000000000000e+00	0.00000000000000e+00	8.17761147234337e+01	-1.31196949765995e+00
42	27	37	32	8.92100000000000e+01	6.36088805483486e+02	3.00000000000000e-02	0.00000000000000e+00	0.00000000000000e+00	8.77079002132501e+01	5.66038778519040e-01
43	28	38	33	8.99400000000000e+01	6.41914580911268e+02	3.00000000000000e-02	0.00000000000000e+00	0.00000000000000e+00	9.17337355880671e+01	-6.58247369441334e-01
19	2	13	7	9.25400000000000e+01	7.62843085214108e+02	3.00000000000000e-02	0.00000000000000e+00	0.00000000000000e+00	8.71724645679959e+01	1.99174919112023e+00
20	4	14	8	9.21200000000000e+01	7.54713762223347e+02	3.00000000000000e-02	0.00000000000000e+00	0.00000000000000e+00	8.66498166167004e+01	2.04057250537506e+00
21	3	15	9	8.73800000000000e+01	7.47169644885185e+02	3.00000000000000e-02	0.00000000000000e+00	0.00000000000000e+00	7.84518355840121e+01	3.59271821596279e+00
22	1	16	10	8.03500000000000e+01	7.51891999468059e+02	3.00000000000000e-02	0.00000000000000e+00	0.00000000000000e+00	7.44122971986358e+01	2.55902930248745e+00
23	5	17	11	7.05900000000000e+01	7.58103377031321e+02	3.00000000000000e-02	0.00000000000000e+00	0.00000000000000e+00	6.05253247905957e+01	5.12755407918351e+00
24	6	18	12	6.06600000000000e+01	7.82821536351673e+02	3.00000000000000e-02	0.00000000000000e+00	0.00000000000000e+00	5.72879881812260e+01	1.90645102867831e+00
25	7	19	13	4.90500000000000e+01	8.05710401697022e+02	3.00000000000000e-02	0.00000000000000e+00	0.00000000000000e+00	5.30765580597497e+01	-2.62983923198661e+00
26	8	20	14	4.37800000000000e+01	8.11180475236524e+02	3.00000000000000e-02	0.00000000000000e+00	0.00000000000000e+00	4.52696990858503e+01	-1.11536074108485e+00
27	9	21	15	4.30700000000000e+01	8.25654582208458e+02	3.00000000000000e-02	0.00000000000000e+00	0.00000000000000e+00	4.60764571207850e+01	-2.24918096553838e+00
28	10	22	16	5.09500000000000e+01	8.28713386481915e+02	3.00000000000000e-02	0.00000000000000e+00	0.00000000000000e+00	4.99995605973647e+01	6.27684744396984e-01
29	11	23	17	4.91500000000000e+01	8.08199475967697e+02	3.00000000000000e-02	0.00000000000000e+00	0.00000000000000e+00	5.50216837059802e+01	-3.76168367143796e+00
30	12	24	18	5.99800000000000e+01	7.84296064493666e+02	3.00000000000000e-02	0.00000000000000e+00	0.00000000000000e+00	5.45564746529527e+01	3.15915920017795e+00
31	13	25	19	6.75300000000000e+01	7.68288964937580e+02	3.00000000000000e-02	0.00000000000000e+00	0.00000000000000e+00	6.35461898009369e+01	2.02683012247261e+00
32	14	26	20	6.71700000000000e+01	7.54787379736357e+02	3.00000000000000e-02	0.00000000000000e+00	0.00000000000000e+00	6.72739358133634e+01	-5.15386250982353e-02
33	15	27	21	7.64400000000000e+01	7.51381917947545e+02	3.00000000000000e-02	0.00000000000000e+00	0.00000000000000e+00	6.43523625504731e+01	5.73774906442717e+00
34	16	28	22	5.71600000000000e+01	7.49475676079162e+02	3.00000000000000e-02	0.00000000000000e+00	0.00000000000000e+00	6.40859623713605e+01	-3.81236637050921e+00
35	17	29	23	7.77400000000000e+01	7.54072738701646e+02	3.00000000000000e-02	0.00000000000000e+00	0.00000000000000e+00	7.01162451776320e+01	3.44051384422975e+00
36	18	30	24	7.48700000000000e+01	7.68584448248097e+02	3.00000000000000e-02	0.00000000000000e+00	0.00000000000000e+00	7.58643747872201e+01	-4.39797585928966e-01
37	19	31	25	8.09800000000000e+01	7.71847104824981e+02	3.00000000000000e-02	0.00000000000000e+00	0.00000000000000e+00	8.01718476791610e+01	3.34326126670881e-01
38	20	32	26	8.16100000000000e+01	7.70623926525202e+02	3.00000000000000e-02	0.00000000000000e+00	0.00000000000000e+00	8.00170588373881e+01	6.57065202378959e-01
39	21	33	27	7.55600000000000e+01	7.69394565968194e+02	3.00000000000000e-02	0.00000000000000e+00	0.00000000000000e+00	7.76170408922856e+01	-8.95331985829895e-01
40	22	34	28	8.88500000000000e+01	7.75028053121956e+02	3.00000000000000e-02	0.00000000000000e+00	0.00000000000000e+00	8.32674135485041e+01	2.16307586198887e+00
41	23	35	29	8.29900000000000e+01	7.69823888507786e+02	3.00000000000000e-02	0.00000000000000e+00	0.00000000000000e+00	8.49260763798709e+01	-7.68702327731023e-01
42	24	36	30	8.71800000000000e+01	7.64385233688151e+02	3.00000000000000e-02	0.00000000000000e+00	0.00000000000000e+00	8.78821180472057e+01	-2.67380066658903e-01
43	25	37	31	9.04600000000000e+01	7.72475112241418e+02	3.00000000000000e-02	0.00000000000000e+00	0.00000000000000e+00	9.16452137502440e+01	-4.33899524784209e-01
22	2	15	8	7.33100000000000e+01	8.80475971250092e+02	3.00000000000000e-02	0.00000000000000e+00	0.00000000000000e+00	8.87473642317145e+01	-6.36989012938095e+00
23	4	16	9	5.61500000000000e+01	8.87787768499947e+02	3.00000000000000e-02	0.00000000000000e+00	0.00000000000000e+00	7.86580755422588e+01	-1.12361206666905e+01
24	3	17	10	8.14900000000000e+01	8.97136403151319e+02	3.00000000000000e-02	0.00000000000000e+00	0.00000000000000e+00	7.80139814089791e+01	1.45307512908746e+00
25	1	18	11	7.08600000000000e+01	9.12027197744928e+02	3.00000000000000e-02	0.00000000000000e+00	0.00000000000000e+00	6.81884753367198e+01	1.28101773999184e+00
26	5	19	12	6.34300000000000e+01	9.18921238596363e+02	3.00000000000000e-02	0.00000000000000e+00	0.00000000000000e+00	6.24768600003920e+01	5.04689581764210e-01
27	6	20	13	6.30000000000000e+01	9.22993031788363e+02	3.00000000000000e-02	0.00000000000000e+00	0.00000000000000e+00	5.75133770578293e+01	3.03723870539239e+00
28	7	21	14	5.74300000000000e+01	9.41608079344396e+02	3.00000000000000e-02	0.00000000000000e+00	0.00000000000000e+00	5.10297130226972e+01	3.93862478380060e+00
29	8	22	15	4.31800000000000e+01	9.54885744583607e+02	3.00000000000000e-02	0.00000000000000e+00	0.00000000000000e+00	4.92998454276812e+01	-4.41811735386383e+00
30	9	23	16	5.68100000000000e+01	9.48378034086432e+02	3.00000000000000e-02	0.00000000000000e+00	0.00000000000000e+00	5.23368744403603e+01	2.73370625708300e+00
31	10	24	17	4.98800000000000e+01	9.31485932556985e+02	3.00000000000000e-02	0.00000000000000e+00	0.00000000000000e+00	5.16183697330098e+01	-1.14191636331697e+00
32	11	25	18	6.39600000000000e+01	9.20166670719620e+02	3.00000000000000e-02	0.00000000000000e+00	0.00000000000000e+00	6.15342091340456e+01	1.28882072395816e+00
33	12	26	19	6.24900000000000e+01	8.99679115010739e+02	3.00000000000000e-02	0.00000000000000e+00	0.00000000000000e+00	6.51457390067559e+01	-1.38734515594523e+00
34	13	27	20	7.29300000000000e+01	8.86108614922117e+02	3.00000000000000e-02	0.00000000000000e+00	0.00000000000000e+00	7.03486687390654e+01	1.20120723370543e+00
35	14	28	21	6.11700000000000e+01	8.75789471673566e+02	3.00000000000000e-02	0.00000000000000e+00	0.00000000000000e+00	7.05904350005958e+01	-4.77459268294336e+00
36	15	29	22	8.98100000000000e+01	8.73002667234879e+02	3.00000000000000e-02	0.00000000000000e+00	0.00000000000000e+00	7.91654944846267e+01	4.20519331652892e+00
37	16	30	23	7.81600000000000e+01	8.78762294934292e+02	3.00000000000000e-02	0.00000000000000e+00	0.00000000000000e+00	7.79189906990332e+01	1.02943384176483e-01
38	17	31	24	8.36800000000000e+01	8.86276088563817e+02	3.00000000000000e-02	0.00000000000000e+00	0.00000000000000e+00	8.65395612945172e+01	-1.12005550239399e+00
39	18	32	25	8.40400000000000e+01	8.96169641938545e+02	3.00000000000000e-02	0.00000000000000e+00	0.00000000000000e+00	8.65024681454834e+01	-9.62669034258627e-01
40	19	33	26	8.67200000000000e+01	8.99830840555750e+02	3.00000000000000e-02	0.00000000000000e+00	0.00000000000000e+00	8.71298126268667e+01	-1.57152268292086e-01
41	20	34	27	8.67000000000000e+01	8.95027747195099e+02	3.00000000000000e-02	0.00000000000000e+00	0.00000000000000e+00	8.95464518978294e+01	-1.07678741568327e+00
42	21	35	28	9.79500000000000e+01	9.01072624142319e+02	3.00000000000000e-02	0.00000000000000e+00	0.00000000000000e+00	9.81873279485709e+01	-8.06673116497514e-02
43	22	36	29	8.74100000000000e+01	9.10859290262188e+02	3.00000000000000e-02	0.00000000000000e+00	0.00000000000000e+00	9.10043603671435e+01	-1.34325762996565e+00
25	2	17	9	1.06160000000000e+02	1.03281897318529e+03	3.00000000000000e-02	0.00000000000000e+00	0.00000000000000e+00	8.77000038465881e+01	6.36751489283540e+00
26	4	18	10	8.71900000000000e+01	1.04513008967703e+03	3.00000000000000e-02	0.00000000000000e+00	0.00000000000000e+00	8.45320578760928e+01	1.03195999583860e+00
27	3	19	11	6.92800000000000e+01	1.04487408628056e+03	3.00000000000000e-02	0.00000000000000e+00	0.00000000000000e+00	7.14541275638211e+01	-1.02998023386949e+00
28	1	20	12	7.78300000000000e+01	1.05367966836590e+03	3.00000000000000e-02	0.00000000000000e+00	0.00000000000000e+00	6.79203459163084e+01	4.53971086616264e+00
29	5	21	13	7.83100000000000e+01	1.05110772680160e+03	3.00000000000000e-02	0.00000000000000e+00	0.00000000000000e+00	6.23205168788633e+01	7.61282044287880e+00
30	6	22	14	7.12600000000000e+01	1.06030549777297e+03	3.00000000000000e-02	0.00000000000000e+00	0.00000000000000e+00	5.28204212092948e+01	9.98124263041171e+00
31	7	23	15	5.41100000000000e+01	1.07922580501978e+03	3.00000000000000e-02	0.00000000000000e+00	0.00000000000000e+00	5.25923296668872e+01	9.48290878924792e-01
32	8	24	16	6.22400000000000e+01	1.06638134118313e+03	3.00000000000000e-02	0.00000000000000e+00	0.00000000000000e+00	5.26072870943950e+01	5.60477439352365e+00
33	9	25	17	4.67500000000000e+01	1.05581880507786e+03	3.00000000000000e-02	0.00000000000000e+00	0.00000000000000e+00	5.78794767800060e+01	-7.11828687501483e+00
34	10	26	18	6.68100000000000e+01	1.05009082010609e+03	3.00000000000000e-02	0.00000000000000e+00	0.00000000000000e+00	6.32809878318750e+01	1.80892787029192e+00
35	11	27	19	9.85000000000000e+01	1.03540336816063e+03	3.00000000000000e-02	0.00000000000000e+00	0.00000000000000e+00	7.19154151610478e+01	1.04855303065971e+01
36	12	28	20	7.46400000000000e+01	1.01336936709433e+03	3.00000000000000e-02	0.00000000000000e+00	0.00000000000000e+00	7.50022538199561e+01	-1.61386915948321e-01
37	13	29	21	8.14500000000000e+01	1.00470966686586e+03	3.00000000000000e-02	0.00000000000000e+00	0.00000000000000e+00	8.26280667723010e+01	-4.78669306501948e-01
38	14	30	22	7.70000000000000e+01	9.99893905203809e+02	3.00000000000000e-02	0.00000000000000e+00	0.00000000000000e+00	8.64266804903206e+01	-3.84970027527046e+00
39	15	31	23	9.32600000000000e+01	9.98858827534049e+02	3.00000000000000e-02	0.00000000000000e+00	0.00000000000000e+00	8.94349148961690e+01	1.39600461690993e+00
40	16	32	24	8.41300000000000e+01	1.01019568244530e+03	3.00000000000000e-02	0.00000000000000e+00	0.00000000000000e+00	9.37850027602399e+01	-3.62139121270510e+00
41	17	33	25	9.47200000000000e+01	1.01718699930222e+03	3.00000000000000e-02	0.00000000000000e+00	0.00000000000000e+00	9.36724091371645e+01	3.70716161169208e-01
42	18	34	26	9.88400000000000e+01	1.02453574178394e+03	3.00000000000000e-02	0.00000000000000e+00	0.00000000000000e+00	9.98143888227658e+01	-3.26998946179498e-01
43	19	35	27	1.39020000000000e+02	1.03377734203868e+03	3.00000000000000e-02	0.00000000000000e+00	0.00000000000000e+00	1.00443710628307e+02	1.08340110111569e+01
28	2	19	10	9.67800000000000e+01	1.17932192387662e+03	3.00000000000000e-02	0.00000000000000e+00	0.00000000000000e+00	9.09237708552016e+01	2.08062962701951e+00
29	4	20	11	7.98100000000000e+01	1.17872494231068e+03	3.00000000000000e-02	0.00000000000000e+00	0.00000000000000e+00	7.46772205831514e+01	2.21579031979230e+00
30	3	21	12	6.28300000000000e+01	1.17959022417841e+03	3.00000000000000e-02	0.00000000000000e+00	0.00000000000000e+00	6.96159495507219e+01	-3.41870116279498e+00
31	1	22	13	6.03000000000000e+01	1.19364235457013e+03	3.00000000000000e-02	0.00000000000000e+00	0.00000000000000e+00	6.45623559553141e+01	-2.27664706850644e+00
32	5	23	14	5.07600000000000e+01	1.18289825368326e+03	3.00000000000000e-02	0.00000000000000e+00	0.00000000000000e+00	5.54255522374704e+01	-2.93106920985626e+00
33	6	24	15	4.85400000000000e+01	1.18431927258906e+03	3.00000000000000e-02	0.00000000000000e+00	0.00000000000000e+00	5.39779935687401e+01	-3.53960788998378e+00
34	7	25	16	6.27600000000000e+01	1.19202582238568e+03	3.00000000000000e-02	0.00000000000000e+00	0.00000000000000e+00	6.22807534461633e+01	2.55516108320493e-01
35	8	26	17	6.49100000000000e+01	1.17957193514615e+03	3.00000000000000e-02	0.00000000000000e+00	0.00000000000000e+00	6.55223354250151e+01	-3.12979610804180e-01
36	9	27	18	7.42500000000000e+01	1.17603170454079e+03	3.00000000000000e-02	0.00000000000000e+00	0.00000000000000e+00	7.03214980766365e+01	1.81200736087911e+00
37	10	28	19	6.76900000000000e+01	1.16294353657984e+03	3.00000000000000e-02	0.00000000000000e+00	0.00000000000000e+00	7.41678443568117e+01	-3.04640777532823e+00
38	11	29	20	8.97400000000000e+01	1.14792780141264e+03	3.00000000000000e-02	0.00000000000000e+00	0.00000000000000e+00	8.64182446702292e+01	1.25725939551208e+00
39	12	30	21	8.37600000000000e+01	1.13383989897875e+03	3.00000000000000e-02	0.00000000000000e+00	0.00000000000000e+00	8.69740177374783e+01	-1.25512869309485e+00
40	13	31	22	9.64500000000000e+01	1.12522145168130e+03	3.00000000000000e-02	0.00000000000000e+00	0.00000000000000e+00	9.62656574343400e+01	6.37701590478675e-02
41	14	32	23	1.00270000000000e+02	1.12395308916583e+03	3.00000000000000e-02	0.00000000000000e+00	0.00000000000000e+00	9.96337372308181e+01	2.12190436111500e-01
42	15	33	24	1.03640000000000e+02	1.13426977106943e+03	3.00000000000000e-02	0.00000000000000e+00	0.00000000000000e+00	1.03558000127730e+02	2.63837413169673e-02
43	16	34	25	9.71200000000000e+01	1.14509798100977e+03	3.00000000000000e-02	0.00000000000000e+00	0.00000000000000e+00	1.01237506083323e+02	-1.38406581178456e+00
31	2	21	11	6.28200000000000e+01	1.31028485679302e+03	3.00000000000000e-02	0.00000000000000e+00	0.00000000000000e+00	7.86695802487457e+01	-7.49943528738237e+00
32	4	22	12	5.68400000000000e+01	1.32040840439504e+03	3.00000000000000e-02	0.00000000000000e+00	0.00000000000000e+00	7.02344188166961e+01	-7.05327280603087e+00
33	3	23	13	5.08700000000000e+01	1.31298458518071e+03	3.00000000000000e-02	0.00000000000000e+00	0.00000000000000e+00	6.64424811386613e+01	-8.90210897542789e+00
34	1	24	14	4.51200000000000e+01	1.31302671180438e+03	3.00000000000000e-02	0.00000000000000e+00	0.00000000000000e+00	5.96046232399177e+01	-9.28025116708581e+00
35	5	25	15	4.90800000000000e+01	1.30629982593700e+03	3.00000000000000e-02	0.00000000000000e+00	0.00000000000000e+00	6.44502419384813e+01	-9.08139544765472e+00
36	6	26	16	6.35800000000000e+01	1.30355773207847e+03	3.00000000000000e-02	0.00000000000000e+00	0.00000000000000e+00	7.05719818339045e+01	-3.47780841236351e+00
37	7	27	17	7.80800000000000e+01	1.30612650028136e+03	3.00000000000000e-02	0.00000000000000e+00	0.00000000000000e+00	7.45028262102736e+01	1.56322939101644e+00
38	8	28	18	7.84100000000000e+01	1.30002388981250e+03	3.00000000000000e-02	0.00000000000000e+00	0.00000000000000e+00	7.58880372953867e+01	1.08974698849022e+00
39	9	29	19	8.95100000000000e+01	1.29077702919836e+03	3.00000000000000e-02	0.00000000000000e+00	0.00000000000000e+00	8.43193424533254e+01	1.99130214497553e+00
40	10	30	20	9.42000000000000e+01	1.27579059819337e+03	3.00000000000000e-02	0.00000000000000e+00	0.00000000000000e+00	8.90919489020147e+01	1.85837371450116e+00
41	11	31	21	9.86700000000000e+01	1.26551358419369e+03	3.00000000000000e-02	0.00000000000000e+00	0.00000000000000e+00	9.95293992409758e+01	-2.89070713714334e-01
42	12	32	22	1.13790000000000e+02	1.25750159890744e+03	3.00000000000000e-02	0.00000000000000e+00	0.00000000000000e+00	1.05242493228422e+02	2.60291658651489e+00
43	13	33	23	7.59900000000000e+01	1.25648853615501e+03	3.00000000000000e-02	0.00000000000000e+00	0.00000000000000e+00	1.02526051572390e+02	-9.98383917616730e+00
34	2	23	12	1.04670000000000e+02	1.44432616097724e+03	3.00000000000000e-02	0.00000000000000e+00	0.00000000000000e+00	7.62259646371829e+01	1.05703465314627e+01
35	4	24	13	8.66700000000000e+01	1.44131224734162e+03	3.00000000000000e-02	0.00000000000000e+00	0.00000000000000e+00	7.05408027697112e+01	6.86388326852079e+00
36	3	25	14	6.86800000000000e+01	1.43338205693139e+03	3.00000000000000e-02	0.00000000000000e+00	0.00000000000000e+00	6.92684960279818e+01	-2.84405467752998e-01
37	1	26	15	6.95000000000000e+01	1.44167569247976e+03	3.00000000000000e-02	0.00000000000000e+00	0.00000000000000e+00	7.41702661755183e+01	-2.16788639644611e+00
38	5	27	16	7.54800000000000e+01	1.42861798850603e+03	3.00000000000000e-02	0.00000000000000e+00	0.00000000000000e+00	7.87438688640979e+01	-1.41108994934953e+00
39	6	28	17	8.05900000000000e+01	1.41981439011767e+03	3.00000000000000e-02	0.00000000000000e+00	0.00000000000000e+00	7.95794146640320e+01	4.20637422656374e-01
40	7	29	18	9.34900000000000e+01	1.42601950704254e+03	3.00000000000000e-02	0.00000000000000e+00	0.00000000000000e+00	8.87498558118551e+01	1.73442250013907e+00
41	8	30	19	9.65800000000000e+01	1.41784271963409e+03	3.00000000000000e-02	0.00000000000000e+00	0.00000000000000e+00	9.30908063308796e+01	1.22654171708089e+00
42	9	31	20	1.05840000000000e+02	1.40528312586154e+03	3.00000000000000e-02	0.00000000000000e+00	0.00000000000000e+00	1.01821695582846e+02	1.29017729075773e+00
43	10	32	21	1.08720000000000e+02	1.40107899746434e+03	3.00000000000000e-02	0.00000000000000e+00	0.00000000000000e+00	1.01866472437257e+02	2.17043026409233e+00
37	2	25	13	1.05460000000000e+02	1.56454097391225e+03	3.00000000000000e-02	0.00000000000000e+00	0.00000000000000e+00	8.22621167216813e+01	8.28070131805407e+00
38	4	26	14	8.17500000000000e+01	1.56886789050698e+03	3.00000000000000e-02	0.00000000000000e+00	0.00000000000000e+00	7.74379005007720e+01	1.80631594928580e+00
39	3	27	15	1.08490000000000e+02	1.56544877075889e+03	3.00000000000000e-02	0.00000000000000e+00	0.00000000000000e+00	8.08548389871168e+01	9.80008557282070e+00
40	1	28	16	8.39900000000000e+01	1.56208659484009e+03	3.00000000000000e-02	0.00000000000000e+00	0.00000000000000e+00	8.61425917815727e+01	-8.43540768344505e-01
41	5	29	17	9.08900000000000e+01	1.54663917027802e+03	3.00000000000000e-02	0.00000000000000e+00	0.00000000000000e+00	9.39802796071878e+01	-1.11449949057111e+00
42	6	30	18	9.68500000000000e+01	1.54651838102244e+03	3.00000000000000e-02	0.00000000000000e+00	0.00000000000000e+00	9.80595319701631e+01	-4.13712448873641e-01
43	7	31	19	1.01880000000000e+02	1.54941473250314e+03	3.00000000000000e-02	0.00000000000000e+00	0.00000000000000e+00	1.03567307298169e+02	-5.47535443083695e-01
40	2	27	14	8.66900000000000e+01	1.69182588516933e+03	3.00000000000000e-02	0.00000000000000e+00	0.00000000000000e+00	8.68352152490945e+01	-5.57902714735548e-02
41	4	28	15	7.15000000000000e+01	1.70254217004056e+03	3.00000000000000e-02	0.00000000000000e+00	0.00000000000000e+00	8.89422227062101e+01	-7.27631753817709e+00
42	3	29	16	9.55200000000000e+01	1.69199544041132e+03	3.00000000000000e-02	0.00000000000000e+00	0.00000000000000e+00	1.00026342882686e+02	-1.53659768264592e+00
43	1	30	17	9.76900000000000e+01	1.69048956494683e+03	3.00000000000000e-02	0.00000000000000e+00	0.00000000000000e+00	1.01474125477548e+02	-1.26682149718477e+00
43	2	29	15	1.25590000000000e+02	1.83645143965068e+03	3.00000000000000e-02	0.00000000000000e+00	0.00000000000000e+00	1.01719914443773e+02	7.02665111906340e+00
0
