43
# x y z
390	989.2093	0
420	980.4871	0
400	987.414	0
410	982.292	0
380	994.4391	0
370	995.7553	0
360	994.451	0
350	996.5297	0
340	998	0
330	1000.4421	0
320	1003.1944	0
310	1007.9966	0
300	1012.1914	0
290	1016.0897	0
280	1021.3199	0
270	1023	0
260	1022.7144	0
250	1023.9769	0
240	1023	0
230	1019.8127	0
220	1018.0792	0
210	1017.6209	0
200	1014	0
190	1008.9312	0
180	1006.0978	0
170	1004	0
160	1002.5736	0
150	1000.07	0
140	999.0836	0
130	997.9098	0
120	995.0459	0
110	994.3781	0
100	993.4465	0
90	991.2596	0
80	991.5651	0
70	991.5154	0
60	990.3394	0
50	989.6807	0
40	991	0
30	991.2821	0
20	988.0058	0
10	985.4299	0
0	979.5214	0
287
# a b m n rhoa k err ip iperr response residual
1	2	3	4	7.68200000000000e+01	1.22794825845005e+02	3.00000000000000e-02	0.00000000000000e+00	0.00000000000000e+00	7.71202273126030e+01	-1.30019163279312e-01
5	4	1	3	8.61800000000000e+01	1.51056983745086e+02	3.00000000000000e-02	0.00000000000000e+00	0.00000000000000e+00	9.11171913093669e+01	-1.85694541303585e+00
6	3	5	1	5.87200000000000e+01	1.22148945063096e+02	3.00000000000000e-02	0.00000000000000e+00	0.00000000000000e+00	6.16210133238828e+01	-1.60741844836284e+00
7	1	6	5	6.92800000000000e+01	1.39233352640493e+02	3.00000000000000e-02	0.00000000000000e+00	0.00000000000000e+00	6.54814935072691e+01	1.87962344697343e+00
8	5	7	6	5.38600000000000e+01	1.29430818532193e+02	3.00000000000000e-02	0.00000000000000e+00	0.00000000000000e+00	5.28576334475554e+01	6.26198313444348e-01
9	6	8	7	3.84400000000000e+01	1.27057527055971e+02	3.00000000000000e-02	0.00000000000000e+00	0.00000000000000e+00	3.87080203267557e+01	-2.31607934902630e-01
10	7	9	8	2.95600000000000e+01	1.29883024260908e+02	3.00000000000000e-02	0.00000000000000e+00	0.00000000000000e+00	3.08575461853473e+01	-1.43197444282892e+00
11	8	10	9	2.96900000000000e+01	1.28376455637631e+02	3.00000000000000e-02	0.00000000000000e+00	0.00000000000000e+00	2.95007015319478e+01	2.13208165622003e-01
12	9	11	10	3.05800000000000e+01	1.36411694311053e+02	3.00000000000000e-02	0.00000000000000e+00	0.00000000000000e+00	3.39014712665237e+01	-3.43707377120555e+00
13	10	12	11	3.84500000000000e+01	1.30549949962852e+02	3.00000000000000e-02	0.00000000000000e+00	0.00000000000000e+00	3.79722335996499e+01	4.16783268628122e-01
14	11	13	12	6.16700000000000e+01	1.37536194784139e+02	3.00000000000000e-02	0.00000000000000e+00	0.00000000000000e+00	6.11583661897896e+01	2.77697400152110e-01
15	12	14	13	8.48800000000000e+01	1.41207651731264e+02	3.00000000000000e-02	0.00000000000000e+00	0.00000000000000e+00	8.85068791961462e+01	-1.39472619057190e+00
16	13	15	14	7.55900000000000e+01	1.26876647254927e+02	3.00000000000000e-02	0.00000000000000e+00	0.00000000000000e+00	8.20355355890049e+01	-2.72761716426671e+00
17	14	16	15	1.12440000000000e+02	1.37437057189505e+02	3.00000000000000e-02	0.00000000000000e+00	0.00000000000000e+00	1.00627272427853e+02	3.69988091402182e+00
18	15	17	16	1.02750000000000e+02	1.28213949831156e+02	3.00000000000000e-02	0.00000000000000e+00	0.00000000000000e+00	1.08532592511955e+02	-1.82505554369460e+00
19	16	18	17	1.22200000000000e+02	1.26231578650453e+02	3.00000000000000e-02	0.00000000000000e+00	0.00000000000000e+00	1.21683710829242e+02	1.41130087573208e-01
20	17	19	18	1.07070000000000e+02	1.31523290377230e+02	3.00000000000000e-02	0.00000000000000e+00	0.00000000000000e+00	1.10203742676060e+02	-9.61601084986500e-01
21	18	20	19	9.19400000000000e+01	1.24970700779354e+02	3.00000000000000e-02	0.00000000000000e+00	0.00000000000000e+00	9.29837769372204e+01	-3.76294867440515e-01
22	19	21	20	7.85400000000000e+01	1.29659549247822e+02	3.00000000000000e-02	0.00000000000000e+00	0.00000000000000e+00	8.16812839448723e+01	-1.30722812635155e+00
23	20	22	21	6.51500000000000e+01	1.33880322827176e+02	3.00000000000000e-02	0.00000000000000e+00	0.00000000000000e+00	6.24547477753323e+01	1.40833482211802e+00
24	21	23	22	3.48400000000000e+01	1.33342596649193e+02	3.00000000000000e-02	0.00000000000000e+00	0.00000000000000e+00	4.07909497840089e+01	-5.25646952669820e+00
25	22	24	23	4.54900000000000e+01	1.28387862454627e+02	3.00000000000000e-02	0.00000000000000e+00	0.00000000000000e+00	4.68630722874085e+01	-9.91249082004927e-01
26	23	25	24	5.61400000000000e+01	1.36564815493406e+02	3.00000000000000e-02	0.00000000000000e+00	0.00000000000000e+00	5.28228034539421e+01	2.03018632863362e+00
27	24	26	25	3.89800000000000e+01	1.28987766498500e+02	3.00000000000000e-02	0.00000000000000e+00	0.00000000000000e+00	3.71475253142480e+01	1.60505128263391e+00
28	25	27	26	3.52400000000000e+01	1.30123568750067e+02	3.00000000000000e-02	0.00000000000000e+00	0.00000000000000e+00	3.87373931122288e+01	-3.15411875859642e+00
29	26	28	27	4.86300000000000e+01	1.25415948591769e+02	3.00000000000000e-02	0.00000000000000e+00	0.00000000000000e+00	4.79621493508821e+01	4.60949325698194e-01
30	27	29	28	4.05300000000000e+01	1.29074329721137e+02	3.00000000000000e-02	0.00000000000000e+00	0.00000000000000e+00	4.33814361618788e+01	-2.26630569181676e+00
31	28	30	29	4.97200000000000e+01	1.29643468904902e+02	3.00000000000000e-02	0.00000000000000e+00	0.00000000000000e+00	4.46753813978285e+01	3.56615561562870e+00
32	29	31	30	4.01200000000000e+01	1.24608841898874e+02	3.00000000000000e-02	0.00000000000000e+00	0.00000000000000e+00	4.49723904603415e+01	-3.80579310182945e+00
33	30	32	31	3.05300000000000e+01	1.30052962031104e+02	3.00000000000000e-02	0.00000000000000e+00	0.00000000000000e+00	3.24849834851603e+01	-2.06893764006755e+00
34	31	33	32	3.76300000000000e+01	1.27934416607326e+02	3.00000000000000e-02	0.00000000000000e+00	0.00000000000000e+00	3.58793761242318e+01	1.58796518026148e+00
35	32	34	33	3.15300000000000e+01	1.25239150617763e+02	3.00000000000000e-02	0.00000000000000e+00	0.00000000000000e+00	3.04819322591950e+01	1.12684501391052e+00
36	33	35	34	3.18800000000000e+01	1.28341042537214e+02	3.00000000000000e-02	0.00000000000000e+00	0.00000000000000e+00	3.33209113143094e+01	-1.47354377906808e+00
37	34	36	35	2.92400000000000e+01	1.26464567796497e+02	3.00000000000000e-02	0.00000000000000e+00	0.00000000000000e+00	3.01909832873437e+01	-1.06685594250345e+00
38	35	37	36	3.70600000000000e+01	1.25556654708300e+02	3.00000000000000e-02	0.00000000000000e+00	0.00000000000000e+00	3.71054911737617e+01	-4.08915959401401e-02
39	36	38	37	4.52900000000000e+01	1.27328036536700e+02	3.00000000000000e-02	0.00000000000000e+00	0.00000000000000e+00	4.22210404042613e+01	2.33891910003470e+00
40	37	39	38	5.35300000000000e+01	1.25750727217077e+02	3.00000000000000e-02	0.00000000000000e+00	0.00000000000000e+00	5.40699476664801e+01	-3.34543036785462e-01
41	38	40	39	4.50600000000000e+01	1.32443172304244e+02	3.00000000000000e-02	0.00000000000000e+00	0.00000000000000e+00	4.74250168916760e+01	-1.70516456645107e+00
42	39	41	40	8.09300000000000e+01	1.26470098716429e+02	3.00000000000000e-02	0.00000000000000e+00	0.00000000000000e+00	8.00475849407294e+01	3.65443796833631e-01
43	40	42	41	1.16810000000000e+02	1.44263074671729e+02	3.00000000000000e-02	0.00000000000000e+00	0.00000000000000e+00	1.15302970991699e+02	4.32849624456200e-01
7	2	5	3	8.40700000000000e+01	2.56354417626246e+02	3.00000000000000e-02	0.00000000000000e+00	0.00000000000000e+00	8.19359338569642e+01	8.57071255992488e-01
8	4	6	1	6.73300000000000e+01	2.56819225980159e+02	3.00000000000000e-02	0.00000000000000e+00	0.00000000000000e+00	5.82852414410488e+01	4.80856632574245e+00
9	3	7	5	5.05900000000000e+01	2.68042098811709e+02	3.00000000000000e-02	0.00000000000000e+00	0.00000000000000e+00	5.27843457579666e+01	-1.41535788640810e+00
10	1	8	6	6.31300000000000e+01	2.66418147239791e+02	3.00000000000000e-02	0.00000000000000e+00	0.00000000000000e+00	6.00396578356520e+01	1.67302615234508e+00
11	5	9	7	4.37500000000000e+01	2.56092212952135e+02	3.00000000000000e-02	0.00000000000000e+00	0.00000000000000e+00	4.48137682035968e+01	-8.00793512516836e-01
12	6	10	8	4.10100000000000e+01	2.62482935127953e+02	3.00000000000000e-02	0.00000000000000e+00	0.00000000000000e+00	4.18503851505355e+01	-6.76168686943187e-01
13	7	11	9	5.34400000000000e+01	2.68252672995327e+02	3.00000000000000e-02	0.00000000000000e+00	0.00000000000000e+00	5.01813662189181e+01	2.09719207657639e+00
14	8	12	10	4.56700000000000e+01	2.61226872877831e+02	3.00000000000000e-02	0.00000000000000e+00	0.00000000000000e+00	4.57931007910455e+01	-8.97271608709005e-02
15	9	13	11	5.81700000000000e+01	2.64286062137939e+02	3.00000000000000e-02	0.00000000000000e+00	0.00000000000000e+00	5.20467852133244e+01	3.70755760673000e+00
16	10	14	12	7.06800000000000e+01	2.65428626785872e+02	3.00000000000000e-02	0.00000000000000e+00	0.00000000000000e+00	7.05115884515167e+01	7.95191980858867e-02
17	11	15	13	7.23300000000000e+01	2.58944835042227e+02	3.00000000000000e-02	0.00000000000000e+00	0.00000000000000e+00	7.08358772884344e+01	6.95778904983098e-01
18	12	16	14	5.14300000000000e+01	2.59880660203962e+02	3.00000000000000e-02	0.00000000000000e+00	0.00000000000000e+00	4.96090688146608e+01	1.20160012545661e+00
19	13	17	15	7.73300000000000e+01	2.71260870656006e+02	3.00000000000000e-02	0.00000000000000e+00	0.00000000000000e+00	8.07554926906267e+01	-1.44480007016853e+00
20	14	18	16	1.03230000000000e+02	2.68740401139809e+02	3.00000000000000e-02	0.00000000000000e+00	0.00000000000000e+00	1.02748800540645e+02	1.55744291321991e-01
21	15	19	17	7.81400000000000e+01	2.58464798954982e+02	3.00000000000000e-02	0.00000000000000e+00	0.00000000000000e+00	7.14159230843811e+01	2.99937442528873e+00
22	16	20	18	5.30400000000000e+01	2.51167735091783e+02	3.00000000000000e-02	0.00000000000000e+00	0.00000000000000e+00	5.33900586232432e+01	-2.19273821768310e-01
23	17	21	19	6.44600000000000e+01	2.52527620164609e+02	3.00000000000000e-02	0.00000000000000e+00	0.00000000000000e+00	6.03847602658513e+01	2.17693722540690e+00
24	18	22	20	7.58700000000000e+01	2.73209795682521e+02	3.00000000000000e-02	0.00000000000000e+00	0.00000000000000e+00	7.17514046014105e+01	1.86046395251959e+00
25	19	23	21	4.31800000000000e+01	2.69000446748655e+02	3.00000000000000e-02	0.00000000000000e+00	0.00000000000000e+00	4.61941250100445e+01	-2.24917335434059e+00
26	20	24	22	4.25900000000000e+01	2.49036731303800e+02	3.00000000000000e-02	0.00000000000000e+00	0.00000000000000e+00	4.18381607079195e+01	5.93687509349916e-01
27	21	25	23	4.20100000000000e+01	2.50098158096370e+02	3.00000000000000e-02	0.00000000000000e+00	0.00000000000000e+00	4.23921289519443e+01	-3.01834063264221e-01
28	22	26	24	4.63200000000000e+01	2.68244858874346e+02	3.00000000000000e-02	0.00000000000000e+00	0.00000000000000e+00	4.87758332859306e+01	-1.72203791273529e+00
29	23	27	25	4.41600000000000e+01	2.66830403086688e+02	3.00000000000000e-02	0.00000000000000e+00	0.00000000000000e+00	4.20804588790812e+01	1.60786428925710e+00
30	24	28	26	4.28200000000000e+01	2.55758296803953e+02	3.00000000000000e-02	0.00000000000000e+00	0.00000000000000e+00	4.12253618490138e+01	1.26505457791479e+00
31	25	29	27	5.50800000000000e+01	2.56144334099348e+02	3.00000000000000e-02	0.00000000000000e+00	0.00000000000000e+00	5.42622184016486e+01	4.98616093515943e-01
32	26	30	28	5.47500000000000e+01	2.57326719256680e+02	3.00000000000000e-02	0.00000000000000e+00	0.00000000000000e+00	5.19853745674250e+01	1.72716493314904e+00
33	27	31	29	4.74300000000000e+01	2.52475446881841e+02	3.00000000000000e-02	0.00000000000000e+00	0.00000000000000e+00	4.96566827158632e+01	-1.52926793457033e+00
34	28	32	30	6.02300000000000e+01	2.52834732741253e+02	3.00000000000000e-02	0.00000000000000e+00	0.00000000000000e+00	5.07208594505315e+01	5.72777706892105e+00
35	29	33	31	4.96000000000000e+01	2.55776326458431e+02	3.00000000000000e-02	0.00000000000000e+00	0.00000000000000e+00	4.98302527234480e+01	-1.54381675411782e-01
36	30	34	32	4.91400000000000e+01	2.53167592379199e+02	3.00000000000000e-02	0.00000000000000e+00	0.00000000000000e+00	4.89343127096210e+01	1.39817509307427e-01
37	31	35	33	5.25000000000000e+01	2.51747274648917e+02	3.00000000000000e-02	0.00000000000000e+00	0.00000000000000e+00	5.27410435166801e+01	-1.52693239648816e-01
38	32	36	34	4.62700000000000e+01	2.55013015400977e+02	3.00000000000000e-02	0.00000000000000e+00	0.00000000000000e+00	4.74986084445682e+01	-8.73553726290854e-01
39	33	37	35	4.83300000000000e+01	2.52181257616441e+02	3.00000000000000e-02	0.00000000000000e+00	0.00000000000000e+00	4.69496155651562e+01	9.65915613727712e-01
40	34	38	36	5.74400000000000e+01	2.52051152355665e+02	3.00000000000000e-02	0.00000000000000e+00	0.00000000000000e+00	6.15837680205903e+01	-2.32191349721364e+00
41	35	39	37	7.27000000000000e+01	2.54378060686481e+02	3.00000000000000e-02	0.00000000000000e+00	0.00000000000000e+00	7.27630931229496e+01	-2.89159839111856e-02
42	36	40	38	8.08900000000000e+01	2.62240230663211e+02	3.00000000000000e-02	0.00000000000000e+00	0.00000000000000e+00	7.64544450976836e+01	1.87983774968288e+00
43	37	41	39	8.55800000000000e+01	2.67286189949269e+02	3.00000000000000e-02	0.00000000000000e+00	0.00000000000000e+00	8.68388760024754e+01	-4.86759687402631e-01
10	2	7	1	6.27400000000000e+01	3.91703642169772e+02	3.00000000000000e-02	0.00000000000000e+00	0.00000000000000e+00	6.68009004762595e+01	-2.09057859575790e+00
11	4	8	5	5.24900000000000e+01	4.08945497167709e+02	3.00000000000000e-02	0.00000000000000e+00	0.00000000000000e+00	5.64600586372118e+01	-2.43035953742058e+00
12	3	9	6	6.31500000000000e+01	4.05421156225640e+02	3.00000000000000e-02	0.00000000000000e+00	0.00000000000000e+00	5.54696561386613e+01	4.32255712664018e+00
13	1	10	7	5.32000000000000e+01	3.98813564228390e+02	3.00000000000000e-02	0.00000000000000e+00	0.00000000000000e+00	5.85300560412667e+01	-3.18273348114761e+00
14	5	11	8	5.95100000000000e+01	3.98436623816644e+02	3.00000000000000e-02	0.00000000000000e+00	0.00000000000000e+00	6.03808065777963e+01	-4.84230563101059e-01
15	6	12	9	5.27100000000000e+01	3.94670850734579e+02	3.00000000000000e-02	0.00000000000000e+00	0.00000000000000e+00	5.62956255847194e+01	-2.19372143140881e+00
16	7	13	10	6.50700000000000e+01	3.87072782424081e+02	3.00000000000000e-02	0.00000000000000e+00	0.00000000000000e+00	6.44740460951403e+01	3.06695226868037e-01
17	8	14	11	6.08800000000000e+01	3.76298416183341e+02	3.00000000000000e-02	0.00000000000000e+00	0.00000000000000e+00	6.33051867547136e+01	-1.30208504976143e+00
18	9	15	12	6.07800000000000e+01	3.78644216360592e+02	3.00000000000000e-02	0.00000000000000e+00	0.00000000000000e+00	5.31771279776577e+01	4.45441362724652e+00
19	10	16	13	4.80500000000000e+01	3.88229682752900e+02	3.00000000000000e-02	0.00000000000000e+00	0.00000000000000e+00	5.04064734591273e+01	-1.59591576874834e+00
20	11	17	14	5.02000000000000e+01	4.01235327912901e+02	3.00000000000000e-02	0.00000000000000e+00	0.00000000000000e+00	5.47623409975838e+01	-2.89959076490984e+00
21	12	18	15	5.12400000000000e+01	4.13039391647375e+02	3.00000000000000e-02	0.00000000000000e+00	0.00000000000000e+00	5.01300862421844e+01	7.29970846129247e-01
22	13	19	16	5.73100000000000e+01	4.03185424728193e+02	3.00000000000000e-02	0.00000000000000e+00	0.00000000000000e+00	5.68296344885611e+01	2.80573497961267e-01
23	14	20	17	4.88000000000000e+01	3.90916250857206e+02	3.00000000000000e-02	0.00000000000000e+00	0.00000000000000e+00	5.51084600670231e+01	-4.05243105833414e+00
24	15	21	18	5.26800000000000e+01	3.89303921240956e+02	3.00000000000000e-02	0.00000000000000e+00	0.00000000000000e+00	4.84711662225646e+01	2.77555888660879e+00
25	16	22	19	4.46500000000000e+01	3.95067560467496e+02	3.00000000000000e-02	0.00000000000000e+00	0.00000000000000e+00	4.63401192599864e+01	-1.23845950882170e+00
26	17	23	20	5.80000000000000e+01	3.90361341336516e+02	3.00000000000000e-02	0.00000000000000e+00	0.00000000000000e+00	5.70638345932344e+01	5.42415473112475e-01
27	18	24	21	4.98600000000000e+01	3.80636235292701e+02	3.00000000000000e-02	0.00000000000000e+00	0.00000000000000e+00	4.87089673389522e+01	7.78531022914549e-01
28	19	25	22	6.22500000000000e+01	3.75653443935052e+02	3.00000000000000e-02	0.00000000000000e+00	0.00000000000000e+00	5.77146352009492e+01	2.52159169984410e+00
29	20	26	23	5.01100000000000e+01	3.77040816258234e+02	3.00000000000000e-02	0.00000000000000e+00	0.00000000000000e+00	5.25523387038659e+01	-1.58630039054137e+00
30	21	27	24	5.70800000000000e+01	3.89135634019527e+02	3.00000000000000e-02	0.00000000000000e+00	0.00000000000000e+00	5.38096215707739e+01	1.96671672751102e+00
31	22	28	25	3.96600000000000e+01	3.97601295827321e+02	3.00000000000000e-02	0.00000000000000e+00	0.00000000000000e+00	4.69826272277201e+01	-5.64782589447871e+00
32	23	29	26	5.49800000000000e+01	3.93644889400686e+02	3.00000000000000e-02	0.00000000000000e+00	0.00000000000000e+00	5.33426064489484e+01	1.00780334557989e+00
33	24	30	27	4.79300000000000e+01	3.84170414871651e+02	3.00000000000000e-02	0.00000000000000e+00	0.00000000000000e+00	4.92852854688986e+01	-9.29465137853747e-01
34	25	31	28	6.55300000000000e+01	3.82296270544133e+02	3.00000000000000e-02	0.00000000000000e+00	0.00000000000000e+00	6.48789794720138e+01	3.32812427917813e-01
35	26	32	29	5.73400000000000e+01	3.79775899879674e+02	3.00000000000000e-02	0.00000000000000e+00	0.00000000000000e+00	6.18557830042771e+01	-2.52690448285777e+00
36	27	33	30	6.76500000000000e+01	3.79046277595688e+02	3.00000000000000e-02	0.00000000000000e+00	0.00000000000000e+00	6.33029366989887e+01	2.21385443979510e+00
37	28	34	31	6.39300000000000e+01	3.79785697291768e+02	3.00000000000000e-02	0.00000000000000e+00	0.00000000000000e+00	6.23954146353590e+01	8.09898183699994e-01
38	29	35	32	6.75500000000000e+01	3.80272772703458e+02	3.00000000000000e-02	0.00000000000000e+00	0.00000000000000e+00	6.55312331888120e+01	1.01137309470041e+00
39	30	36	33	5.95200000000000e+01	3.79952211676252e+02	3.00000000000000e-02	0.00000000000000e+00	0.00000000000000e+00	5.90012008984198e+01	2.91819753858569e-01
40	31	37	34	6.84000000000000e+01	3.79580727988900e+02	3.00000000000000e-02	0.00000000000000e+00	0.00000000000000e+00	6.66501867712843e+01	8.63832524596090e-01
41	32	38	35	7.26900000000000e+01	3.78318605974012e+02	3.00000000000000e-02	0.00000000000000e+00	0.00000000000000e+00	7.06442454193469e+01	9.51572321295243e-01
42	33	39	36	8.73000000000000e+01	3.83078666120171e+02	3.00000000000000e-02	0.00000000000000e+00	0.00000000000000e+00	8.96160814443524e+01	-8.72810714545539e-01
43	34	40	37	9.42000000000000e+01	4.01699714589643e+02	3.00000000000000e-02	0.00000000000000e+00	0.00000000000000e+00	9.46309398921955e+01	-1.52143372473201e-01
13	2	9	5	6.57300000000000e+01	5.52294989506658e+02	3.00000000000000e-02	0.00000000000000e+00	0.00000000000000e+00	6.76161672825093e+01	-9.43055772095658e-01
14	4	10	6	6.07800000000000e+01	5.54279944242283e+02	3.00000000000000e-02	0.00000000000000e+00	0.00000000000000e+00	6.16944651077842e+01	-4.97781095997703e-01
15	3	11	7	7.29700000000000e+01	5.39779451236231e+02	3.00000000000000e-02	0.00000000000000e+00	0.00000000000000e+00	7.01547283148021e+01	1.31150635270153e+00
16	1	12	8	8.30600000000000e+01	5.24393176851146e+02	3.00000000000000e-02	0.00000000000000e+00	0.00000000000000e+00	7.12037684214025e+01	5.13391646394622e+00
17	5	13	9	6.42600000000000e+01	5.03998920322666e+02	3.00000000000000e-02	0.00000000000000e+00	0.00000000000000e+00	6.96569838347403e+01	-2.68818706437258e+00
18	6	14	10	7.20300000000000e+01	4.97639943884359e+02	3.00000000000000e-02	0.00000000000000e+00	0.00000000000000e+00	7.26290729177331e+01	-2.76086539390411e-01
19	7	15	11	5.52900000000000e+01	4.94372842962735e+02	3.00000000000000e-02	0.00000000000000e+00	0.00000000000000e+00	5.78920584277380e+01	-1.53293848930337e+00
20	8	16	12	4.53000000000000e+01	5.08336306467281e+02	3.00000000000000e-02	0.00000000000000e+00	0.00000000000000e+00	5.12796300662485e+01	-4.13288553668971e+00
21	9	17	13	5.06800000000000e+01	5.23900425986462e+02	3.00000000000000e-02	0.00000000000000e+00	0.00000000000000e+00	4.80060758375020e+01	1.80679242025514e+00
22	10	18	14	4.52800000000000e+01	5.35120443621861e+02	3.00000000000000e-02	0.00000000000000e+00	0.00000000000000e+00	4.33084983882369e+01	1.48388501725785e+00
23	11	19	15	4.58400000000000e+01	5.56517814085809e+02	3.00000000000000e-02	0.00000000000000e+00	0.00000000000000e+00	4.38060220689209e+01	1.51285914389927e+00
24	12	20	16	4.57700000000000e+01	5.49841326444597e+02	3.00000000000000e-02	0.00000000000000e+00	0.00000000000000e+00	4.53581846754756e+01	3.01273880960758e-01
25	13	21	17	4.78800000000000e+01	5.36529332323824e+02	3.00000000000000e-02	0.00000000000000e+00	0.00000000000000e+00	4.91473054959960e+01	-8.70804744853452e-01
26	14	22	18	4.71100000000000e+01	5.33183854246626e+02	3.00000000000000e-02	0.00000000000000e+00	0.00000000000000e+00	5.14761194122773e+01	-2.95442355609435e+00
27	15	23	19	5.69500000000000e+01	5.13802452883059e+02	3.00000000000000e-02	0.00000000000000e+00	0.00000000000000e+00	5.23825470305190e+01	2.78667419945443e+00
28	16	24	20	4.77900000000000e+01	5.05020201221914e+02	3.00000000000000e-02	0.00000000000000e+00	0.00000000000000e+00	5.21389264617024e+01	-2.90318020564736e+00
29	17	25	21	6.03700000000000e+01	5.01489300767359e+02	3.00000000000000e-02	0.00000000000000e+00	0.00000000000000e+00	5.90793596498881e+01	7.20355796636222e-01
30	18	26	22	6.71800000000000e+01	4.99826834324650e+02	3.00000000000000e-02	0.00000000000000e+00	0.00000000000000e+00	6.35955733636733e+01	1.82772391534840e+00
31	19	27	23	6.37600000000000e+01	5.09070971104262e+02	3.00000000000000e-02	0.00000000000000e+00	0.00000000000000e+00	5.79948704006864e+01	3.15904897380612e+00
32	20	28	24	4.96400000000000e+01	5.14160610502851e+02	3.00000000000000e-02	0.00000000000000e+00	0.00000000000000e+00	5.47291535161360e+01	-3.25331927191468e+00
33	21	29	25	5.96100000000000e+01	5.19350704497408e+02	3.00000000000000e-02	0.00000000000000e+00	0.00000000000000e+00	5.70196659730155e+01	1.48090399438470e+00
34	22	30	26	5.65400000000000e+01	5.26975575640278e+02	3.00000000000000e-02	0.00000000000000e+00	0.00000000000000e+00	5.75704833486427e+01	-6.02054740978482e-01
35	23	31	27	6.40200000000000e+01	5.15049396278788e+02	3.00000000000000e-02	0.00000000000000e+00	0.00000000000000e+00	6.25898714902395e+01	7.53068893559187e-01
36	24	32	28	7.00600000000000e+01	5.10458957602586e+02	3.00000000000000e-02	0.00000000000000e+00	0.00000000000000e+00	6.77319009979587e+01	1.12649125467993e+00
37	25	33	29	6.81800000000000e+01	5.07173574216007e+02	3.00000000000000e-02	0.00000000000000e+00	0.00000000000000e+00	6.99759916564086e+01	-8.66698005758249e-01
38	26	34	30	7.67900000000000e+01	5.04318634887652e+02	3.00000000000000e-02	0.00000000000000e+00	0.00000000000000e+00	7.51377628570550e+01	7.25038554539796e-01
39	27	35	31	7.28700000000000e+01	5.08770480677039e+02	3.00000000000000e-02	0.00000000000000e+00	0.00000000000000e+00	7.37466438704364e+01	-3.98615188691013e-01
40	28	36	32	7.19600000000000e+01	5.06074421999772e+02	3.00000000000000e-02	0.00000000000000e+00	0.00000000000000e+00	6.97010921791412e+01	1.06314739078469e+00
41	29	37	33	8.13000000000000e+01	5.06374044492467e+02	3.00000000000000e-02	0.00000000000000e+00	0.00000000000000e+00	7.74623151095054e+01	1.61181517023703e+00
42	30	38	34	8.63800000000000e+01	5.10396538167678e+02	3.00000000000000e-02	0.00000000000000e+00	0.00000000000000e+00	8.85095763945592e+01	-8.11819549180281e-01
43	31	39	35	9.66200000000000e+01	5.21601783434247e+02	3.00000000000000e-02	0.00000000000000e+00	0.00000000000000e+00	9.76470305323330e+01	-3.52449614631715e-01
16	2	11	6	8.70700000000000e+01	6.85811747974325e+02	3.00000000000000e-02	0.00000000000000e+00	0.00000000000000e+00	8.44250031988534e+01	1.02829295596697e+00
17	4	12	7	7.76900000000000e+01	6.50682948182005e+02	3.00000000000000e-02	0.00000000000000e+00	0.00000000000000e+00	7.65222319487610e+01	5.04841221350993e-01
18	3	13	8	7.94600000000000e+01	6.34875653140362e+02	3.00000000000000e-02	0.00000000000000e+00	0.00000000000000e+00	7.59766940807353e+01	1.49423713204575e+00
19	1	14	9	9.16200000000000e+01	6.23578848427381e+02	3.00000000000000e-02	0.00000000000000e+00	0.00000000000000e+00	8.08539419152854e+01	4.16684159048272e+00
20	5	15	10	6.91200000000000e+01	6.16764582746268e+02	3.00000000000000e-02	0.00000000000000e+00	0.00000000000000e+00	7.46531189950327e+01	-2.56693933992403e+00
21	6	16	11	4.66100000000000e+01	6.23710855320080e+02	3.00000000000000e-02	0.00000000000000e+00	0.00000000000000e+00	5.60784634224203e+01	-6.16455774078144e+00
22	7	17	12	5.45500000000000e+01	6.40320622649192e+02	3.00000000000000e-02	0.00000000000000e+00	0.00000000000000e+00	5.33527854064337e+01	7.39717527974208e-01
23	8	18	13	4.60300000000000e+01	6.59368360637500e+02	3.00000000000000e-02	0.00000000000000e+00	0.00000000000000e+00	4.90285820472113e+01	-2.10366924366567e+00
24	9	19	14	4.13000000000000e+01	6.83535214668630e+02	3.00000000000000e-02	0.00000000000000e+00	0.00000000000000e+00	4.09711637907311e+01	2.66466762901392e-01
25	10	20	15	3.90700000000000e+01	6.96562762604602e+02	3.00000000000000e-02	0.00000000000000e+00	0.00000000000000e+00	4.19699761074353e+01	-2.38665330003813e+00
26	11	21	16	5.08500000000000e+01	6.93075004634829e+02	3.00000000000000e-02	0.00000000000000e+00	0.00000000000000e+00	5.06589421916231e+01	1.25478622779799e-01
27	12	22	17	5.06500000000000e+01	6.76289001442538e+02	3.00000000000000e-02	0.00000000000000e+00	0.00000000000000e+00	4.93071254547960e+01	8.95687584607593e-01
28	13	23	18	5.54200000000000e+01	6.61059294294310e+02	3.00000000000000e-02	0.00000000000000e+00	0.00000000000000e+00	5.41841572169118e+01	7.51732532962220e-01
29	14	24	19	5.55400000000000e+01	6.36739878028932e+02	3.00000000000000e-02	0.00000000000000e+00	0.00000000000000e+00	5.68969640587777e+01	-8.04616736563594e-01
30	15	25	20	7.31700000000000e+01	6.25988161641482e+02	3.00000000000000e-02	0.00000000000000e+00	0.00000000000000e+00	6.45672818139250e+01	4.16925639590152e+00
31	16	26	21	6.11400000000000e+01	6.27610377860881e+02	3.00000000000000e-02	0.00000000000000e+00	0.00000000000000e+00	6.08844292835616e+01	1.39628374217586e-01
32	17	27	22	6.66400000000000e+01	6.25467461285241e+02	3.00000000000000e-02	0.00000000000000e+00	0.00000000000000e+00	6.21745701253522e+01	2.31196407133032e+00
33	18	28	23	5.13000000000000e+01	6.30841934662358e+02	3.00000000000000e-02	0.00000000000000e+00	0.00000000000000e+00	5.80512989674782e+01	-4.12121108058554e+00
34	19	29	24	7.33200000000000e+01	6.46425111723455e+02	3.00000000000000e-02	0.00000000000000e+00	0.00000000000000e+00	6.78596102554578e+01	2.57974689979559e+00
35	20	30	25	6.55400000000000e+01	6.45588997222732e+02	3.00000000000000e-02	0.00000000000000e+00	0.00000000000000e+00	6.46239739601137e+01	4.69172913140259e-01
36	21	31	26	7.75600000000000e+01	6.43279636563008e+02	3.00000000000000e-02	0.00000000000000e+00	0.00000000000000e+00	7.21491065939439e+01	2.41056426171857e+00
37	22	32	27	7.27600000000000e+01	6.47042617386717e+02	3.00000000000000e-02	0.00000000000000e+00	0.00000000000000e+00	7.25147054214498e+01	1.12565965263271e-01
38	23	33	28	7.51300000000000e+01	6.45453573682526e+02	3.00000000000000e-02	0.00000000000000e+00	0.00000000000000e+00	7.37349278870891e+01	6.24777989324669e-01
39	24	34	29	6.91100000000000e+01	6.34382257096933e+02	3.00000000000000e-02	0.00000000000000e+00	0.00000000000000e+00	7.21355989479653e+01	-1.42827428044298e+00
40	25	35	30	8.21700000000000e+01	6.32633165872093e+02	3.00000000000000e-02	0.00000000000000e+00	0.00000000000000e+00	8.38019204201711e+01	-6.55521733028112e-01
41	26	36	31	7.86200000000000e+01	6.36581044316217e+02	3.00000000000000e-02	0.00000000000000e+00	0.00000000000000e+00	8.17757904414102e+01	-1.31183731453713e+00
42	27	37	32	8.92100000000000e+01	6.36088805483486e+02	3.00000000000000e-02	0.00000000000000e+00	0.00000000000000e+00	8.77078267742581e+01	5.66066688974291e-01
43	28	38	33	8.99400000000000e+01	6.41914580911268e+02	3.00000000000000e-02	0.00000000000000e+00	0.00000000000000e+00	9.17336037814486e+01	-6.58199474770083e-01
19	2	13	7	9.25400000000000e+01	7.62843085214108e+02	3.00000000000000e-02	0.00000000000000e+00	0.00000000000000e+00	8.71717936806207e+01	1.99200572853337e+00
20	4	14	8	9.21200000000000e+01	7.54713762223347e+02	3.00000000000000e-02	0.00000000000000e+00	0.00000000000000e+00	8.66494308041381e+01	2.04072092400853e+00
21	3	15	9	8.73800000000000e+01	7.47169644885185e+02	3.00000000000000e-02	0.00000000000000e+00	0.00000000000000e+00	7.84516647919021e+01	3.59279078375536e+00
22	1	16	10	8.03500000000000e+01	7.51891999468059e+02	3.00000000000000e-02	0.00000000000000e+00	0.00000000000000e+00	7.44122310343235e+01	2.55905894111089e+00
23	5	17	11	7.05900000000000e+01	7.58103377031321e+02	3.00000000000000e-02	0.00000000000000e+00	0.00000000000000e+00	6.05253075639871e+01	5.12756356645800e+00
24	6	18	12	6.06600000000000e+01	7.82821536351673e+02	3.00000000000000e-02	0.00000000000000e+00	0.00000000000000e+00	5.72879867164049e+01	1.90645188099259e+00
25	7	19	13	4.90500000000000e+01	8.05710401697022e+02	3.00000000000000e-02	0.00000000000000e+00	0.00000000000000e+00	5.30763396113012e+01	-2.62970204091393e+00
26	8	20	14	4.37800000000000e+01	8.11180475236524e+02	3.00000000000000e-02	0.00000000000000e+00	0.00000000000000e+00	4.52693882748847e+01	-1.11513188157626e+00
27	9	21	15	4.30700000000000e+01	8.25654582208458e+02	3.00000000000000e-02	0.00000000000000e+00	0.00000000000000e+00	4.60761603750325e+01	-2.24896628850910e+00
28	10	22	16	5.09500000000000e+01	8.28713386481915e+02	3.00000000000000e-02	0.00000000000000e+00	0.00000000000000e+00	4.99993620137501e+01	6.27817134899722e-01
29	11	23	17	4.91500000000000e+01	8.08199475967697e+02	3.00000000000000e-02	0.00000000000000e+00	0.00000000000000e+00	5.50214876085829e+01	-3.76156487115566e+00
30	12	24	18	5.99800000000000e+01	7.84296064493666e+02	3.00000000000000e-02	0.00000000000000e+00	0.00000000000000e+00	5.45562294946334e+01	3.15930898922474e+00
31	13	25	19	6.75300000000000e+01	7.68288964937580e+02	3.00000000000000e-02	0.00000000000000e+00	0.00000000000000e+00	6.35462098917334e+01	2.02681958379018e+00
32	14	26	20	6.71700000000000e+01	7.54787379736357e+02	3.00000000000000e-02	0.00000000000000e+00	0.00000000000000e+00	6.72739206204669e+01	-5.15310972208324e-02
33	15	27	21	7.64400000000000e+01	7.51381917947545e+02	3.00000000000000e-02	0.00000000000000e+00	0.00000000000000e+00	6.43523170353419e+01	5.73777264043151e+00
34	16	28	22	5.71600000000000e+01	7.49475676079162e+02	3.00000000000000e-02	0.00000000000000e+00	0.00000000000000e+00	6.40859267770744e+01	-3.81234785668048e+00
35	17	29	23	7.77400000000000e+01	7.54072738701646e+02	3.00000000000000e-02	0.00000000000000e+00	0.00000000000000e+00	7.01161949249604e+01	3.44053773440883e+00
36	18	30	24	7.48700000000000e+01	7.68584448248097e+02	3.00000000000000e-02	0.00000000000000e+00	0.00000000000000e+00	7.58641581177336e+01	-4.39702385427410e-01
37	19	31	25	8.09800000000000e+01	7.71847104824981e+02	3.00000000000000e-02	0.00000000000000e+00	0.00000000000000e+00	8.01714845030677e+01	3.34477126024761e-01
38	20	32	26	8.16100000000000e+01	7.70623926525202e+02	3.00000000000000e-02	0.00000000000000e+00	0.00000000000000e+00	8.00167332162459e+01	6.57200849206241e-01
39	21	33	27	7.55600000000000e+01	7.69394565968194e+02	3.00000000000000e-02	0.00000000000000e+00	0.00000000000000e+00	7.76168135635274e+01	-8.95234357315822e-01
40	22	34	28	8.88500000000000e+01	7.75028053121956e+02	3.00000000000000e-02	0.00000000000000e+00	0.00000000000000e+00	8.32670177037539e+01	2.16323432561598e+00
41	23	35	29	8.29900000000000e+01	7.69823888507786e+02	3.00000000000000e-02	0.00000000000000e+00	0.00000000000000e+00	8.49255504745726e+01	-7.68495910201405e-01
42	24	36	30	8.71800000000000e+01	7.64385233688151e+02	3.00000000000000e-02	0.00000000000000e+00	0.00000000000000e+00	8.78817288944057e+01	-2.67232462242806e-01
43	25	37	31	9.04600000000000e+01	7.72475112241418e+02	3.00000000000000e-02	0.00000000000000e+00	0.00000000000000e+00	9.16451089480304e+01	-4.33861405945546e-01
22	2	15	8	7.33100000000000e+01	8.80475971250092e+02	3.00000000000000e-02	0.00000000000000e+00	0.00000000000000e+00	8.87465668726908e+01	-6.36959064157357e+00
23	4	16	9	5.61500000000000e+01	8.87787768499947e+02	3.00000000000000e-02	0.00000000000000e+00	0.00000000000000e+00	7.86575232235145e+01	-1.12358866069411e+01
24	3	17	10	8.14900000000000e+01	8.97136403151319e+02	3.00000000000000e-02	0.00000000000000e+00	0.00000000000000e+00	7.80136482195829e+01	1.45321749250389e+00
25	1	18	11	7.08600000000000e+01	9.12027197744928e+02	3.00000000000000e-02	0.00000000000000e+00	0.00000000000000e+00	6.81883952049353e+01	1.28105691172928e+00
26	5	19	12	6.34300000000000e+01	9.18921238596363e+02	3.00000000000000e-02	0.00000000000000e+00	0.00000000000000e+00	6.24767014098513e+01	5.04774194820386e-01
27	6	20	13	6.30000000000000e+01	9.22993031788363e+02	3.00000000000000e-02	0.00000000000000e+00	0.00000000000000e+00	5.75131462246655e+01	3.03737249086330e+00
28	7	21	14	5.74300000000000e+01	9.41608079344396e+02	3.00000000000000e-02	0.00000000000000e+00	0.00000000000000e+00	5.10293556950410e+01	3.93885819611808e+00
29	8	22	15	4.31800000000000e+01	9.54885744583607e+02	3.00000000000000e-02	0.00000000000000e+00	0.00000000000000e+00	4.92995043433991e+01	-4.41788673416713e+00
30	9	23	16	5.68100000000000e+01	9.48378034086432e+02	3.00000000000000e-02	0.00000000000000e+00	0.00000000000000e+00	5.23366932142756e+01	2.73382168010004e+00
31	10	24	17	4.98800000000000e+01	9.31485932556985e+02	3.00000000000000e-02	0.00000000000000e+00	0.00000000000000e+00	5.16181942989470e+01	-1.14180307395770e+00
32	11	25	18	6.39600000000000e+01	9.20166670719620e+02	3.00000000000000e-02	0.00000000000000e+00	0.00000000000000e+00	6.15341537305320e+01	1.28885073628213e+00
33	12	26	19	6.24900000000000e+01	8.99679115010739e+02	3.00000000000000e-02	0.00000000000000e+00	0.00000000000000e+00	6.51456781426106e+01	-1.38731401337443e+00
34	13	27	20	7.29300000000000e+01	8.86108614922117e+02	3.00000000000000e-02	0.00000000000000e+00	0.00000000000000e+00	7.03484791015219e+01	1.20129708984749e+00
35	14	28	21	6.11700000000000e+01	8.75789471673566e+02	3.00000000000000e-02	0.00000000000000e+00	0.00000000000000e+00	7.05904088851698e+01	-4.77458035104090e+00
36	15	29	22	8.98100000000000e+01	8.73002667234879e+02	3.00000000000000e-02	0.00000000000000e+00	0.00000000000000e+00	7.91654182183730e+01	4.20522542912668e+00
37	16	30	23	7.81600000000000e+01	8.78762294934292e+02	3.00000000000000e-02	0.00000000000000e+00	0.00000000000000e+00	7.79185613659901e+01	1.03127051094335e-01
38	17	31	24	8.36800000000000e+01	8.86276088563817e+02	3.00000000000000e-02	0.00000000000000e+00	0.00000000000000e+00	8.65392833465992e+01	-1.11994844216238e+00
39	18	32	25	8.40400000000000e+01	8.96169641938545e+02	3.00000000000000e-02	0.00000000000000e+00	0.00000000000000e+00	8.65020238960920e+01	-9.62497844333191e-01
40	19	33	26	8.67200000000000e+01	8.99830840555750e+02	3.00000000000000e-02	0.00000000000000e+00	0.00000000000000e+00	8.71294476572641e+01	-1.57012641239855e-01
41	20	34	27	8.67000000000000e+01	8.95027747195099e+02	3.00000000000000e-02	0.00000000000000e+00	0.00000000000000e+00	8.95461606393649e+01	-1.07667899562793e+00
42	21	35	28	9.79500000000000e+01	9.01072624142319e+02	3.00000000000000e-02	0.00000000000000e+00	0.00000000000000e+00	9.81867627059691e+01	-8.04754185135851e-02
43	22	36	29	8.74100000000000e+01	9.10859290262188e+02	3.00000000000000e-02	0.00000000000000e+00	0.00000000000000e+00	9.10037766291120e+01	-1.34304381607023e+00
25	2	17	9	1.06160000000000e+02	1.03281897318529e+03	3.00000000000000e-02	0.00000000000000e+00	0.00000000000000e+00	8.76990723457568e+01	6.36786894290665e+00
26	4	18	10	8.71900000000000e+01	1.04513008967703e+03	3.00000000000000e-02	0.00000000000000e+00	0.00000000000000e+00	8.45315065880601e+01	1.03217738469844e+00
27	3	19	11	6.92800000000000e+01	1.04487408628056e+03	3.00000000000000e-02	0.00000000000000e+00	0.00000000000000e+00	7.14538376444761e+01	-1.02984498629034e+00
28	1	20	12	7.78300000000000e+01	1.05367966836590e+03	3.00000000000000e-02	0.00000000000000e+00	0.00000000000000e+00	6.79201439266510e+01	4.53980999696801e+00
29	5	21	13	7.83100000000000e+01	1.05110772680160e+03	3.00000000000000e-02	0.00000000000000e+00	0.00000000000000e+00	6.23201370090531e+01	7.61302362421030e+00
30	6	22	14	7.12600000000000e+01	1.06030549777297e+03	3.00000000000000e-02	0.00000000000000e+00	0.00000000000000e+00	5.28200628392279e+01	9.98146878743863e+00
31	7	23	15	5.41100000000000e+01	1.07922580501978e+03	3.00000000000000e-02	0.00000000000000e+00	0.00000000000000e+00	5.25920115655900e+01	9.48492494040683e-01
32	8	24	16	6.22400000000000e+01	1.06638134118313e+03	3.00000000000000e-02	0.00000000000000e+00	0.00000000000000e+00	5.26070779324036e+01	5.60490692421711e+00
33	9	25	17	4.67500000000000e+01	1.05581880507786e+03	3.00000000000000e-02	0.00000000000000e+00	0.00000000000000e+00	5.78794855243842e+01	-7.11829191098383e+00
34	10	26	18	6.68100000000000e+01	1.05009082010609e+03	3.00000000000000e-02	0.00000000000000e+00	0.00000000000000e+00	6.32807925618545e+01	1.80903072915918e+00
35	11	27	19	9.85000000000000e+01	1.03540336816063e+03	3.00000000000000e-02	0.00000000000000e+00	0.00000000000000e+00	7.19151419354852e+01	1.04856569489314e+01
36	12	28	20	7.46400000000000e+01	1.01336936709433e+03	3.00000000000000e-02	0.00000000000000e+00	0.00000000000000e+00	7.50020687184495e+01	-1.61304650982667e-01
37	13	29	21	8.14500000000000e+01	1.00470966686586e+03	3.00000000000000e-02	0.00000000000000e+00	0.00000000000000e+00	8.26278870146229e+01	-4.78596789627813e-01
38	14	30	22	7.70000000000000e+01	9.99893905203809e+02	3.00000000000000e-02	0.00000000000000e+00	0.00000000000000e+00	8.64263219288423e+01	-3.84956198378452e+00
39	15	31	23	9.32600000000000e+01	9.98858827534049e+02	3.00000000000000e-02	0.00000000000000e+00	0.00000000000000e+00	8.94344797882368e+01	1.39616678660660e+00
40	16	32	24	8.41300000000000e+01	1.01019568244530e+03	3.00000000000000e-02	0.00000000000000e+00	0.00000000000000e+00	9.37845006153497e+01	-3.62121273845736e+00
41	17	33	25	9.47200000000000e+01	1.01718699930222e+03	3.00000000000000e-02	0.00000000000000e+00	0.00000000000000e+00	9.36719672845903e+01	3.70873394809420e-01
42	18	34	26	9.88400000000000e+01	1.02453574178394e+03	3.00000000000000e-02	0.00000000000000e+00	0.00000000000000e+00	9.98138951069448e+01	-3.26834067799423e-01
43	19	35	27	1.39020000000000e+02	1.03377734203868e+03	3.00000000000000e-02	0.00000000000000e+00	0.00000000000000e+00	1.00443174742958e+02	1.08341888509886e+01
28	2	19	10	9.67800000000000e+01	1.17932192387662e+03	3.00000000000000e-02	0.00000000000000e+00	0.00000000000000e+00	9.09228668942448e+01	2.08096102750360e+00
29	4	20	11	7.98100000000000e+01	1.17872494231068e+03	3.00000000000000e-02	0.00000000000000e+00	0.00000000000000e+00	7.46766712286467e+01	2.21603553358086e+00
30	3	21	12	6.28300000000000e+01	1.17959022417841e+03	3.00000000000000e-02	0.00000000000000e+00	0.00000000000000e+00	6.96155182594959e+01	-3.41849465237851e+00
31	1	22	13	6.03000000000000e+01	1.19364235457013e+03	3.00000000000000e-02	0.00000000000000e+00	0.00000000000000e+00	6.45619210146421e+01	-2.27642250930285e+00
32	5	23	14	5.07600000000000e+01	1.18289825368326e+03	3.00000000000000e-02	0.00000000000000e+00	0.00000000000000e+00	5.54251451398255e+01	-2.93082437744980e+00
33	6	24	15	4.85400000000000e+01	1.18431927258906e+03	3.00000000000000e-02	0.00000000000000e+00	0.00000000000000e+00	5.39776314145648e+01	-3.53938424613296e+00
34	7	25	16	6.27600000000000e+01	1.19202582238568e+03	3.00000000000000e-02	0.00000000000000e+00	0.00000000000000e+00	6.22806042046632e+01	2.55595984082380e-01
35	8	26	17	6.49100000000000e+01	1.17957193514615e+03	3.00000000000000e-02	0.00000000000000e+00	0.00000000000000e+00	6.55221442268221e+01	-3.12882341951415e-01
36	9	27	18	7.42500000000000e+01	1.17603170454079e+03	3.00000000000000e-02	0.00000000000000e+00	0.00000000000000e+00	7.03211380374592e+01	1.81217802471535e+00
37	10	28	19	6.76900000000000e+01	1.16294353657984e+03	3.00000000000000e-02	0.00000000000000e+00	0.00000000000000e+00	7.41675471556744e+01	-3.04627420363674e+00
38	11	29	20	8.97400000000000e+01	1.14792780141264e+03	3.00000000000000e-02	0.00000000000000e+00	0.00000000000000e+00	8.64179378199877e+01	1.25737775430984e+00
39	12	30	21	8.37600000000000e+01	1.13383989897875e+03	3.00000000000000e-02	0.00000000000000e+00	0.00000000000000e+00	8.69734927629191e+01	-1.25492749272211e+00
40	13	31	22	9.64500000000000e+01	1.12522145168130e+03	3.00000000000000e-02	0.00000000000000e+00	0.00000000000000e+00	9.62651787454858e+01	6.39359121859566e-02
41	14	32	23	1.00270000000000e+02	1.12395308916583e+03	3.00000000000000e-02	0.00000000000000e+00	0.00000000000000e+00	9.96331936078125e+01	2.12372310412245e-01
42	15	33	24	1.03640000000000e+02	1.13426977106943e+03	3.00000000000000e-02	0.00000000000000e+00	0.00000000000000e+00	1.03557496858726e+02	2.65457343467427e-02
43	16	34	25	9.71200000000000e+01	1.14509798100977e+03	3.00000000000000e-02	0.00000000000000e+00	0.00000000000000e+00	1.01236807770261e+02	-1.38383588531508e+00
31	2	21	11	6.28200000000000e+01	1.31028485679302e+03	3.00000000000000e-02	0.00000000000000e+00	0.00000000000000e+00	7.86686923358176e+01	-7.49905906490174e+00
32	4	22	12	5.68400000000000e+01	1.32040840439504e+03	3.00000000000000e-02	0.00000000000000e+00	0.00000000000000e+00	7.02337563889757e+01	-7.05295841561494e+00
33	3	23	13	5.08700000000000e+01	1.31298458518071e+03	3.00000000000000e-02	0.00000000000000e+00	0.00000000000000e+00	6.64418579990256e+01	-8.90179635286716e+00
34	1	24	14	4.51200000000000e+01	1.31302671180438e+03	3.00000000000000e-02	0.00000000000000e+00	0.00000000000000e+00	5.96040441387862e+01	-9.27992730856990e+00
35	5	25	15	4.90800000000000e+01	1.30629982593700e+03	3.00000000000000e-02	0.00000000000000e+00	0.00000000000000e+00	6.44498702040666e+01	-9.08120318797473e+00
36	6	26	16	6.35800000000000e+01	1.30355773207847e+03	3.00000000000000e-02	0.00000000000000e+00	0.00000000000000e+00	7.05716365917644e+01	-3.47764534340627e+00
37	7	27	17	7.80800000000000e+01	1.30612650028136e+03	3.00000000000000e-02	0.00000000000000e+00	0.00000000000000e+00	7.45023841694290e+01	1.56342716523904e+00
38	8	28	18	7.84100000000000e+01	1.30002388981250e+03	3.00000000000000e-02	0.00000000000000e+00	0.00000000000000e+00	7.58876539837731e+01	1.08991535608161e+00
39	9	29	19	8.95100000000000e+01	1.29077702919836e+03	3.00000000000000e-02	0.00000000000000e+00	0.00000000000000e+00	8.43189042340216e+01	1.99147538337681e+00
40	10	30	20	9.42000000000000e+01	1.27579059819337e+03	3.00000000000000e-02	0.00000000000000e+00	0.00000000000000e+00	8.90912682587416e+01	1.85862837495086e+00
41	11	31	21	9.86700000000000e+01	1.26551358419369e+03	3.00000000000000e-02	0.00000000000000e+00	0.00000000000000e+00	9.95288000150297e+01	-2.88870026696368e-01
42	12	32	22	1.13790000000000e+02	1.25750159890744e+03	3.00000000000000e-02	0.00000000000000e+00	0.00000000000000e+00	1.05241770580304e+02	2.60314547080460e+00
43	13	33	23	7.59900000000000e+01	1.25648853615501e+03	3.00000000000000e-02	0.00000000000000e+00	0.00000000000000e+00	1.02525355723146e+02	-9.98361294046243e+00
34	2	23	12	1.04670000000000e+02	1.44432616097724e+03	3.00000000000000e-02	0.00000000000000e+00	0.00000000000000e+00	7.62249351297480e+01	1.05707967343090e+01
35	4	24	13	8.66700000000000e+01	1.44131224734162e+03	3.00000000000000e-02	0.00000000000000e+00	0.00000000000000e+00	7.05398615810902e+01	6.86432802052387e+00
36	3	25	14	6.86800000000000e+01	1.43338205693139e+03	3.00000000000000e-02	0.00000000000000e+00	0.00000000000000e+00	6.92678053420756e+01	-2.84073094745896e-01
37	1	26	15	6.95000000000000e+01	1.44167569247976e+03	3.00000000000000e-02	0.00000000000000e+00	0.00000000000000e+00	7.41695991051477e+01	-2.16758660273954e+00
38	5	27	16	7.54800000000000e+01	1.42861798850603e+03	3.00000000000000e-02	0.00000000000000e+00	0.00000000000000e+00	7.87432612757156e+01	-1.41083274806511e+00
39	6	28	17	8.05900000000000e+01	1.41981439011767e+03	3.00000000000000e-02	0.00000000000000e+00	0.00000000000000e+00	7.95789055207306e+01	4.20850687578511e-01
40	7	29	18	9.34900000000000e+01	1.42601950704254e+03	3.00000000000000e-02	0.00000000000000e+00	0.00000000000000e+00	8.87492650943540e+01	1.73464436696603e+00
41	8	30	19	9.65800000000000e+01	1.41784271963409e+03	3.00000000000000e-02	0.00000000000000e+00	0.00000000000000e+00	9.30900342456723e+01	1.22681818133466e+00
42	9	31	20	1.05840000000000e+02	1.40528312586154e+03	3.00000000000000e-02	0.00000000000000e+00	0.00000000000000e+00	1.01820871356671e+02	1.29044711848820e+00
43	10	32	21	1.08720000000000e+02	1.40107899746434e+03	3.00000000000000e-02	0.00000000000000e+00	0.00000000000000e+00	1.01865531857946e+02	2.17073804728830e+00
37	2	25	13	1.05460000000000e+02	1.56454097391225e+03	3.00000000000000e-02	0.00000000000000e+00	0.00000000000000e+00	8.22608912130646e+01	8.28119790862501e+00
38	4	26	14	8.17500000000000e+01	1.56886789050698e+03	3.00000000000000e-02	0.00000000000000e+00	0.00000000000000e+00	7.74368305803995e+01	1.80677650230396e+00
39	3	27	15	1.08490000000000e+02	1.56544877075889e+03	3.00000000000000e-02	0.00000000000000e+00	0.00000000000000e+00	8.08537866200678e+01	9.80051942601188e+00
40	1	28	16	8.39900000000000e+01	1.56208659484009e+03	3.00000000000000e-02	0.00000000000000e+00	0.00000000000000e+00	8.61418191697483e+01	-8.43241800755568e-01
41	5	29	17	9.08900000000000e+01	1.54663917027802e+03	3.00000000000000e-02	0.00000000000000e+00	0.00000000000000e+00	9.39795775985158e+01	-1.11425049815947e+00
42	6	30	18	9.68500000000000e+01	1.54651838102244e+03	3.00000000000000e-02	0.00000000000000e+00	0.00000000000000e+00	9.80585163783616e+01	-4.13367217413925e-01
43	7	31	19	1.01880000000000e+02	1.54941473250314e+03	3.00000000000000e-02	0.00000000000000e+00	0.00000000000000e+00	1.03566257171927e+02	-5.47197456257109e-01
40	2	27	14	8.66900000000000e+01	1.69182588516933e+03	3.00000000000000e-02	0.00000000000000e+00	0.00000000000000e+00	8.68336437797138e+01	-5.51870278870344e-02
41	4	28	15	7.15000000000000e+01	1.70254217004056e+03	3.00000000000000e-02	0.00000000000000e+00	0.00000000000000e+00	8.89409490343793e+01	-7.27584019422964e+00
42	3	29	16	9.55200000000000e+01	1.69199544041132e+03	3.00000000000000e-02	0.00000000000000e+00	0.00000000000000e+00	1.00025193524163e+02	-1.53621466183577e+00
43	1	30	17	9.76900000000000e+01	1.69048956494683e+03	3.00000000000000e-02	0.00000000000000e+00	0.00000000000000e+00	1.01472840058792e+02	-1.26639924606347e+00
43	2	29	15	1.25590000000000e+02	1.83645143965068e+03	3.00000000000000e-02	0.00000000000000e+00	0.00000000000000e+00	1.01718087705709e+02	7.02724974142652e+00
0
